0
475492
14983
10840
1917
12336
8749
9673
9298
0
462733
6923
7600
4104
10000
12023
10363
9127
0
460871
10512
5925
3328
21016
14773
7161
12570
0
452734
20632
9703
2829
7166
13343
11226
14153
0
429932
10592
9881
10280
4012
19676
16194
5928
0
442476
7164
8613
7229
4312
23915
10304
5993
0
433431
460078
10077
12981
2075
12226
7291
9712
0
0
943278
29308
21688
5638
24180
21011
18905
17006
0
913531
19016
15233
8728
24018
25880
21543
18226
0
922687
19620
11952
7942
37517
27870
21379
23851
0
907372
34250
18265
6416
11588
27470
20949
26266
0
862682
21720
19309
23322
7056
31950
26449
13445
0
878066
17319
19703
15832
7335
38892
21426
14709
0
869518
915525
22410
26419
5724
29626
18306
16786
0
0
1414551
42597
32266
8860
34755
33665
27835
26123
0
1366492
30162
24327
10779
37722
37330
31809
28351
0
1377994
31787
17705
10502
52259
41613
33071
34610
0
1356643
47549
25075
11054
16802
41809
29585
37962
0
1298683
33218
28242
32899
9702
44413
40372
21239
0
1309791
28603
30938
23043
11832
52276
33629
23748
0
1304339
1367368
35026
37416
11919
46445
29280
23567
0
0
1878225
55269
45250
13958
46318
47675
39177
36251
0
1820948
42393
34623
14107
51553
47040
42049
40554
0
1829273
40728
25299
15892
65515
53730
44818
45348
0
1805359
61370
32278
13875
22718
57656
39647
49013
0
1733606
43995
39965
43631
15641
58336
53086
29304
0
1737966
40221
42236
31533
17764
65747
43413
31969
0
1742336
1818542
46733
48365
16551
62853
41451
31961
0
0
2337633
69164
57569
19101
59945
63378
49933
43751
0
2278426
53655
45414
17440
67030
56758
52739
51842
0
2277612
53023
33115
20470
80878
67294
56142
58363
0
2253501
74098
40894
19254
29303
73588
51060
60223
0
2174145
52477
50268
53670
20139
70036
64333
36211
0
2173182
51939
52306
39342
21807
79517
52782
41079
0
2187125
2275242
58065
58028
22624
79939
51643
40566
0
0
2801559
83653
67620
21850
72276
77402
59398
54388
0
2730676
65689
56391
20776
82583
66038
64197
62420
0
2730839
63115
41621
24622
93116
81538
67296
71016
0
2707390
85341
48269
23606
37624
88013
62301
71069
0
2608910
64070
59639
65360
24311
83257
75864
43966
0
2602665
64453
63085
49107
25584
91258
61786
49154
0
2631297
2735244
70970
69162
26716
95359
61579
51629
0
0
3259056
96780
78235
25401
87312
91709
70661
63849
0
3180608
76840
66696
24369
97093
78890
72739
73560
0
3181067
75977
50470
27699
106534
95203
80273
84821
0
3151151
96894
56184
27965
44827
103341
74288
79704
0
3043700
74886
71955
76079
29320
95745
87070
52118
0
3037030
75472
72671
59088
28700
105015
71805
56350
0
3073633
3188019
84796
79841
33040
111420
71105
60446
0
0
3724644
110274
90387
28209
99154
103387
79956
74496
0
3629707
88914
75081
28988
112532
89207
83217
84359
0
3628818
88353
59350
31544
118266
110037
93936
98344
0
3601640
107706
65355
30548
50233
117280
87184
89564
0
3478872
86434
80934
86298
33538
107813
98588
58439
0
3467477
89526
83563
69155
32333
116067
82934
63146
0
3514283
3644862
99175
89096
37961
127623
83511
68726
0
0
4188699
123305
102094
30878
111488
116408
89743
84649
0
4087552
100379
84943
32574
127468
100394
93043
95872
0
4077902
101814
68278
35904
130969
125067
106869
110070
0
4044326
120674
74295
34145
56284
130892
99444
100081
0
3915230
99729
88898
96388
38929
122222
112648
68254
0
3898372
101031
94622
78299
36991
128536
93348
70841
0
3957196
4099204
109682
99608
43600
143219
93588
80500
0
0
4644503
137750
111671
35418
126404
130912
99495
94210
0
4536615
112940
93729
37189
141102
110973
103840
109857
0
4523978
113621
75614
39496
144411
141887
120143
122537
0
4492187
131937
83053
36712
61098
144678
111978
111828
0
4349746
111654
98829
105436
45598
134165
124022
75589
0
4328165
113661
107496
87378
43204
143860
102775
78992
0
4393765
4555647
123507
111082
47988
158307
103387
89727
0
