0
403197
10511
3656
256
12392
5070
4060
8403
0
404528
3939
2575
1542
10505
2157
6122
6785
0
391896
8523
6506
777
22223
18402
5878
5488
0
377570
26275
9567
1280
2032
5712
6796
14010
0
373410
10589
6883
5978
2239
20953
15305
4976
0
386306
5060
6869
2406
1300
28582
10786
3630
0
364581
380788
7645
13062
997
10944
3262
8681
0
0
403197
10511
3656
256
12392
5070
4060
8403
0
404528
3939
2575
1542
10505
2157
6122
6785
0
391896
8523
6506
777
22223
18402
5878
5488
0
377570
26275
9567
1280
2032
5712
6796
14010
0
373410
10589
6883
5978
2239
20953
15305
4976
0
386306
5060
6869
2406
1300
28582
10786
3630
0
364581
380788
7645
13062
997
10944
3262
8681
0
0
789841
24251
11308
778
22880
10978
11616
16047
0
789929
8758
7831
3093
15845
11670
15771
12149
0
780892
18632
11001
2570
38989
27338
11638
15136
0
764665
42138
15386
2305
3814
18706
14436
24488
0
738823
17604
15251
13652
3010
36564
27600
9328
0
773399
9930
12201
8158
3116
49475
19494
7959
0
742402
758937
15591
20100
1668
21092
10672
17438
0
0
1177068
36385
19669
1804
31717
19808
20685
22145
0
1161331
15094
15383
4123
25215
27681
24291
19083
0
1175306
26966
14516
3339
54948
37931
17792
25502
0
1154401
54970
23247
2817
7203
32500
25024
32402
0
1104694
26356
23331
21296
4443
51743
39403
14021
0
1151497
17077
19708
15621
4659
64821
27361
12742
0
1123073
1142161
23943
28354
1670
32320
18103
23505
0
0
270710
0
0
0
0
0
0
0
0
453744
0
0
0
60988
0
0
0
0
427165
0
0
0
46911
104343
0
0
0
270493
55159
35500
0
0
0
0
0
0
415379
45694
0
0
0
0
54086
0
0
457465
0
0
0
278
46468
0
0
0
267802
239968
0
30042
18677
0
0
0
0
0
427642
20019
7359
256
10747
5440
4979
9771
0
463448
5037
3786
1547
9305
6080
8818
6668
0
415886
11027
4946
768
19490
12335
4822
9492
0
437251
24519
3582
1281
8900
8916
4835
16637
0
537070
10191
16737
11180
4222
21727
23314
7106
0
436546
7394
6030
4224
798
27577
8969
4575
0
391845
453985
8583
9380
5552
12627
6724
10287
0
0
875319
30442
15164
768
20736
13907
11900
15863
0
883822
12585
11180
3092
12857
27164
18217
11216
0
837260
17383
7812
2561
37620
21666
8453
20209
0
839253
29305
12198
2307
20077
42670
19678
26792
0
1061445
19392
22287
19846
11444
36047
39926
7106
0
913568
14680
14631
13179
2773
38866
15199
11378
0
784088
854623
27090
19110
7383
25533
17163
19149
0
0
1325404
40273
24656
1839
28284
28852
24875
18804
0
1298892
25849
21219
4135
35812
50780
26258
20651
0
1249010
22219
9952
3329
50114
37610
22673
30350
0
1229476
40214
19959
2819
39195
62769
35472
30946
0
1609914
29470
29532
30290
25121
47083
56491
13429
0
1349798
24146
25889
23144
4590
48770
19357
19356
0
1169175
1253157
36108
36235
7383
34570
24673
21045
0
0
1801271
47845
28262
2881
43498
40640
27253
19873
0
1786371
39806
21219
5185
54851
54204
31500
26872
0
1672991
25909
14284
4609
61985
52030
40500
36618
0
1617059
48755
24428
4099
43164
77687
43981
45286
0
2169641
42724
41646
42760
40483
57671
67269
18785
0
1786972
34345
33765
29254
6393
59265
35155
28674
0
1555236
1651327
44190
48656
11842
54406
34775
25990
0
0
2233969
70117
37060
5057
50977
44716
29572
30456
0
2188785
48381
30651
6482
78874
71218
42630
31478
0
2063404
36762
17127
6657
69343
58114
56357
41395
0
2023420
58423
28944
4826
52766
95303
47905
60212
0
2726155
61869
43261
51904
42474
62561
71391
26975
0
2225558
47260
44729
34584
6905
70233
39226
37285
0
1978507
2013020
65510
62894
15024
72076
43950
29742
0
0
2686496
76477
42801
6428
58751
63412
37386
37273
0
2620422
60722
37941
8790
80774
78958
56265
40340
0
2415901
48526
21681
7938
94685
69692
73212
46166
0
2402956
70655
35710
6408
59805
107140
56803
70577
0
3319462
67867
52183
68651
43130
69419
81255
31799
0
2670450
57507
61712
40376
8060
87561
52045
45943
0
2375150
2368529
77106
72859
19084
91533
63103
38050
0
0
3161177
89052
47642
7221
67098
70392
41153
46953
0
3075810
68355
47355
9309
87073
90720
65957
47567
0
2792195
62139
24685
8194
104396
87444
81354
48614
0
2828783
78279
37182
7432
71666
117187
60543
81896
0
3932982
72406
60611
79955
45427
76903
107061
33463
0
3104642
68434
68873
45782
10361
96646
64344
52568
0
2791012
2750467
94983
85344
25034
104428
66092
41761
0
0
3607196
96018
54027
8088
77337
81613
48569
56803
0
3521313
76714
52706
10525
95016
98609
73123
56518
0
3188651
69835
27723
9218
112907
105624
85581
60675
0
3198694
89730
41684
9736
80748
153193
67604
90117
0
4472734
93774
71974
81865
47203
89310
132618
44488
0
3440673
79340
82536
48442
13065
104714
76080
65150
0
3203979
3162564
102556
90530
28327
124990
71537
48225
0
0
4010314
104684
59833
9680
87128
101404
54356
64025
0
3941260
94626
63323
11037
118710
103440
77316
69977
0
3574976
84319
33061
10498
121500
109106
93726
68243
0
3602342
103056
45733
11016
87306
175264
77543
101455
0
5009411
112754
78076
84510
52470
105017
150513
50920
0
3903619
92071
89235
56400
17118
113283
83748
75253
0
3619100
3538534
118044
97211
33453
138571
83230
57026
0
0
4403614
110293
75510
11691
100833
119102
63305
79756
0
4364413
102784
72955
11549
129274
108219
83414
85207
0
3958792
84319
40809
12802
126148
114312
106218
74500
0
3991869
124695
47110
11784
99337
196239
89682
108056
0
5568562
122163
94093
89425
65221
138368
165636
55645
0
4324145
104509
101742
65488
18706
121904
88285
80054
0
4047551
3936332
122026
105204
38042
148171
98283
66777
0
