0
436927
13497
7766
770
12302
6254
6653
9134
0
442953
5137
4750
3274
8404
7266
8850
7007
0
422161
10154
6214
2560
21298
14353
6485
8873
0
415796
22065
8426
2306
3266
10463
8648
13882
0
399390
9720
8886
8615
2655
19456
15795
5322
0
418927
5777
6854
4864
2972
26200
10794
4751
0
400267
411879
9063
11702
2009
11031
6084
9913
0
0
867760
26020
17164
2823
22521
16729
16283
14866
0
861151
14774
12092
5408
20734
22838
17916
15192
0
850418
17983
10623
4608
37594
27057
15451
21082
0
832820
35486
17007
4098
7765
24554
19678
22926
0
800440
19197
18204
19266
7012
34412
27745
10960
0
826407
14303
15684
13209
6520
41631
20904
11083
0
805866
828214
18171
22210
2665
24520
14373
16525
0
0
1297030
38832
26475
5383
32686
27333
24629
23154
0
1283956
24463
19755
9301
34612
36144
27991
23360
0
1272725
27485
15426
7936
52759
38722
28602
29718
0
1249563
48016
24740
6411
10619
37819
28265
33236
0
1206906
29800
25937
31301
8923
45379
37086
17469
0
1236029
24014
26172
20488
7937
55476
30558
18546
0
1211153
1236521
30202
34670
5832
40986
25318
22698
0
0
1729285
51081
35218
6922
41705
37480
32372
31777
0
1713586
34413
27176
10937
46000
47780
38148
32316
0
1695706
37738
20318
9216
67804
51677
40311
38741
0
1662024
60076
31157
9739
13894
50966
36249
42681
0
1610880
39428
34728
41229
10769
56319
49778
24657
0
1643957
34233
37147
26775
10368
68395
41907
25949
0
1618772
1642382
41956
45187
9236
56754
34875
28138
0
0
2159053
61831
44806
10255
51775
49950
41497
41071
0
2145662
45081
36448
12032
59171
58103
47105
42731
0
2115849
47211
26195
12800
80987
62795
51164
48034
0
2080073
73698
37141
11795
17096
64894
44828
52215
0
2016398
49828
43659
49339
15508
68924
62556
31423
0
2051968
44604
48178
33780
13923
80842
51685
33372
0
2026741
2052266
52684
55046
13160
72532
46374
34849
0
0
2579371
72771
54693
13075
62269
62155
51708
50166
0
2572743
56343
45277
15008
72861
67028
56591
52534
0
2532201
56387
32756
15872
93733
74121
61880
57103
0
2497577
85177
43910
13844
20550
78405
54088
62422
0
2415820
59946
53107
58519
20054
80986
74110
38384
0
2453874
55770
57772
41257
18554
93003
60691
41319
0
2433278
2458792
63883
64874
16631
87393
57292
42134
0
0
3001002
84835
65230
15896
74520
76040
61179
58486
0
2998046
67951
55124
16906
86898
75485
66361
62182
0
2946308
68433
39319
18436
107849
86739
72254
67530
0
2912586
96681
51319
17172
23336
91921
64871
72332
0
2822173
67857
62302
68527
23854
91441
84033
44723
0
2858316
67117
67580
47817
20616
105367
70361
49982
0
2844293
2866778
75023
73738
21262
103724
66473
48944
0
0
3432513
97262
74292
17946
85991
88177
68807
64782
0
3427399
79699
63152
19897
101813
84807
76064
71953
0
3364224
77058
46721
22534
119874
99740
82537
78470
0
3327822
108266
58133
20244
27453
105766
74420
80565
0
3232952
78100
71838
78792
27908
102712
94337
51859
0
3264804
78400
77279
56201
23336
117041
78596
57888
0
3257504
3277168
87455
83069
24416
118481
76482
58197
0
0
3854327
110000
82703
20506
97716
101778
78881
74815
0
3852797
89800
73460
22179
116650
94030
86725
81148
0
3784116
87110
54224
24582
132511
112311
92752
88415
0
3742802
118988
65065
23572
32427
120355
84413
89679
0
3639689
88248
79590
87804
31497
115567
106077
58194
0
3669725
89084
86901
63687
26194
130263
87126
64614
0
3670222
3691464
98528
92372
26641
133692
85781
67488
0
0
4278904
122303
92022
23067
109589
113787
88688
84559
0
4276984
101365
81361
24892
131633
104911
94348
90874
0
4203600
97522
62560
26886
143878
124916
104940
101073
0
4154012
129282
71474
26900
36015
134309
95130
96716
0
4044598
98289
90287
99358
35891
127272
116751
65442
0
4075413
100195
96703
72827
28681
141349
96215
71114
0
4084446
4102461
110992
102271
30325
149017
94001
75168
0
