3.5968e-006
3.6096e-006
3.6224e-006
3.6352e-006
3.712e-006
3.7248e-006
3.7376e-006
3.7504e-006
3.9296e-006
3.9424e-006
3.9552e-006
3.968e-006
4.3392e-006
4.352e-006
4.3648e-006
4.3776e-006
5.0048e-006
5.0304e-006
5.056e-006
5.1328e-006
6.15936e-006
6.17216e-006
6.18496e-006
6.21056e-006
9.85856e-006
1.01862e-005
1.0263e-005
1.03398e-005
4.032e-006
4.0448e-006
4.0576e-006
4.0704e-006
4.1856e-006
4.1984e-006
4.2112e-006
4.224e-006
8.76971e-006
8.78251e-006
8.79531e-006
8.80811e-006
3.648e-006
3.6608e-006
3.6736e-006
3.6864e-006
3.712e-006
3.7248e-006
3.7376e-006
3.7504e-006
3.83061e-006
3.84341e-006
3.85621e-006
3.86901e-006
2.90449e-005
2.9946e-005
3.3792e-006
3.392e-006
3.4048e-006
3.4176e-006
3.5968e-006
3.6096e-006
3.6224e-006
3.6352e-006
3.8272e-006
3.84e-006
3.8656e-006
3.8784e-006
3.8912e-006
3.904e-006
3.9168e-006
3.9296e-006
3.60798e-005
1.3033e-005
1.30458e-005
1.30586e-005
1.30714e-005
4.12433e-005
3.77686e-006
3.78965e-006
3.80245e-006
3.81525e-006
3.6096e-006
3.6224e-006
3.6352e-006
3.648e-006
1.79823e-005
1.80591e-005
1.80719e-005
1.81487e-005
3.5968e-006
3.6096e-006
3.6224e-006
3.6352e-006
3.5968e-006
3.6096e-006
3.61558e-006
3.6224e-006
3.62838e-006
3.6352e-006
3.64118e-006
3.65398e-006
3.73078e-006
3.74358e-006
3.75638e-006
3.78198e-006
2.14571e-005
2.20331e-005
2.21201e-005
2.21969e-005
2.22737e-005
2.23505e-005
2.24273e-005
2.24401e-005
3.5968e-006
3.6096e-006
3.6224e-006
3.6352e-006
3.56241e-005
3.57035e-005
3.59006e-005
3.62513e-005
2.57033e-005
2.57161e-005
2.57289e-005
2.57545e-005
3.75723e-006
3.77003e-006
3.78283e-006
3.79563e-006
3.3792e-006
3.392e-006
3.4048e-006
3.4176e-006
3.5072e-006
3.52e-006
3.5328e-006
3.5456e-006
3.04119e-005
3.04375e-005
3.05271e-005
3.11262e-005
4.43648e-006
4.44928e-006
4.46208e-006
4.47488e-006
4.75648e-006
4.76928e-006
4.78208e-006
4.80768e-006
3.30018e-005
3.30274e-005
3.30402e-005
0.000106739
0.000107026
0.000107103
0.000134883
0.000134996
0.000137904
4.0704e-006
4.0832e-006
4.096e-006
4.1088e-006
0.000140653
4.8384e-006
4.864e-006
4.8768e-006
4.8896e-006
6.53764e-005
6.69175e-005
6.69944e-005
3.66763e-005
3.67531e-005
3.68427e-005
3.69195e-005
6.45692e-005
8.25515e-005
3.3792e-006
3.392e-006
3.4048e-006
3.4176e-006
3.6608e-006
3.6736e-006
3.6864e-006
3.6992e-006
3.6992e-006
3.712e-006
3.7248e-006
3.7376e-006
0.000170924
0.00017182
4.13901e-005
4.14029e-005
4.14157e-005
4.24064e-005
0.000180134
3.5968e-006
3.6096e-006
3.6224e-006
3.6352e-006
8.68702e-005
0.000195192
0.00019682
0.000213597
0.000215612
0.00019396
0.000194375
3.5968e-006
3.5968e-006
3.6096e-006
3.6096e-006
3.6224e-006
3.6224e-006
3.6352e-006
3.6352e-006
0.00022111
0.000227095
5.241e-005
5.24356e-005
5.24484e-005
5.24612e-005
3.6352e-006
3.648e-006
3.6608e-006
3.6736e-006
3.8895e-006
3.9023e-006
3.90742e-006
3.9151e-006
3.92022e-006
3.9279e-006
3.93302e-006
3.94582e-006
6.19614e-005
6.20996e-005
6.25195e-005
6.25963e-005
3.97313e-006
3.98593e-006
3.99873e-006
4.01153e-006
0.000246635
0.000165303
3.5968e-006
3.6096e-006
3.6224e-006
3.6352e-006
3.712e-006
3.7248e-006
3.7376e-006
3.7504e-006
6.01745e-005
6.01873e-005
6.02001e-005
6.02129e-005
3.6096e-006
3.6224e-006
3.6352e-006
3.648e-006
6.06498e-005
6.07266e-005
6.07394e-005
6.07522e-005
0.000280657
3.3792e-006
3.392e-006
3.392e-006
3.4048e-006
3.4048e-006
3.4176e-006
3.4176e-006
3.4304e-006
3.6224e-006
3.6352e-006
3.648e-006
3.6736e-006
6.36877e-005
6.4041e-005
6.43942e-005
6.47475e-005
0.000225466
0.000228548
6.64798e-005
6.6659e-005
6.68382e-005
6.70174e-005
0.000167117
0.000167219
0.000167296
0.000167398
3.5968e-006
3.6096e-006
3.6224e-006
3.6352e-006
3.648e-006
3.648e-006
3.6608e-006
3.6736e-006
3.8272e-006
3.84e-006
3.8528e-006
3.8656e-006
3.3792e-006
3.392e-006
3.4048e-006
3.4176e-006
3.3792e-006
3.392e-006
3.4048e-006
3.4176e-006
3.6352e-006
3.648e-006
3.6608e-006
3.6736e-006
7.65218e-005
7.65986e-005
7.66114e-005
7.66882e-005
3.5968e-006
3.6096e-006
3.6224e-006
3.6352e-006
0.000163476
0.000163762
0.000163839
3.68812e-006
3.70092e-006
3.71372e-006
3.72652e-006
4.3614e-006
4.3742e-006
4.387e-006
4.3998e-006
8.50466e-005
8.51234e-005
8.51362e-005
8.5149e-005
3.8016e-006
3.8144e-006
3.84e-006
3.8528e-006
4.0448e-006
4.0704e-006
4.096e-006
4.1088e-006
4.24791e-006
4.27351e-006
4.28631e-006
4.31191e-006
0.000263261
8.67994e-005
8.68122e-005
8.68378e-005
8.68506e-005
0.000265137
8.76647e-005
8.76775e-005
8.76903e-005
8.77031e-005
3.6736e-006
3.6992e-006
3.712e-006
3.712e-006
3.7248e-006
3.7248e-006
3.7376e-006
3.7504e-006
4.0064e-006
4.0192e-006
4.032e-006
4.0576e-006
3.4816e-006
3.4944e-006
3.52e-006
3.5328e-006
3.7632e-006
3.776e-006
3.7888e-006
3.8016e-006
0.000229613
0.000149915
4.12076e-006
4.13356e-006
4.14636e-006
4.15916e-006
3.5968e-006
3.6096e-006
3.6224e-006
3.6352e-006
4.1984e-006
4.2112e-006
4.2368e-006
4.2496e-006
3.3792e-006
3.392e-006
3.4048e-006
3.4176e-006
9.91369e-005
9.91753e-005
9.93289e-005
9.94697e-005
9.98178e-005
9.99868e-005
4.52353e-006
4.53633e-006
4.54914e-006
4.56194e-006
0.000100156
0.000100325
0.000207551
3.5968e-006
3.5968e-006
3.6096e-006
3.6096e-006
3.6224e-006
3.6224e-006
3.6352e-006
3.6352e-006
3.71884e-006
0.000208521
3.73164e-006
3.74444e-006
3.75724e-006
0.00010089
0.000100902
0.000100915
0.000100928
0.000101786
0.000101798
0.000101811
0.000101824
0.00011263
0.000112873
0.000113103
0.000113339
0.000103518
0.000103531
0.000103543
0.000103556
0.000104271
0.00037735
0.000104283
0.000104296
0.000104309
0.000377427
0.000105463
0.00010554
0.000105553
0.000105566
3.3792e-006
3.392e-006
3.4048e-006
3.4176e-006
3.95436e-006
3.96716e-006
3.97996e-006
3.99276e-006
5.0014e-006
5.0142e-006
5.027e-006
5.0398e-006
3.60791e-006
3.62071e-006
3.63351e-006
3.64631e-006
0.000437805
0.000438343
0.000275112
0.00044005
0.000112624
0.000112637
0.000112662
0.000112675
3.3792e-006
3.3792e-006
3.392e-006
3.392e-006
3.4048e-006
3.4048e-006
3.4176e-006
3.4176e-006
3.5968e-006
3.6096e-006
3.6224e-006
3.6352e-006
3.8912e-006
3.904e-006
3.9168e-006
3.9296e-006
0.000115178
0.000115191
0.000115203
0.000115216
0.000115219
0.000115244
0.000115257
0.00011527
3.392e-006
3.4048e-006
3.4048e-006
3.4176e-006
3.4176e-006
3.4304e-006
3.4304e-006
3.4432e-006
3.5712e-006
3.584e-006
3.5968e-006
3.6096e-006
3.8912e-006
3.9168e-006
3.9296e-006
3.9424e-006
0.000115779
0.000115804
0.000115817
0.00011583
0.000117791
0.000117868
0.00011788
0.000117893
0.00035651
3.3792e-006
3.392e-006
3.4048e-006
3.4176e-006
0.000118668
0.000118681
0.000118694
0.000118706
0.000218527
0.000218737
0.000219873
3.6096e-006
3.6224e-006
3.6352e-006
3.648e-006
3.6608e-006
3.6736e-006
3.6864e-006
3.6992e-006
3.6352e-006
3.648e-006
3.6608e-006
3.6736e-006
3.63181e-006
3.64461e-006
3.65741e-006
3.67021e-006
0.00042254
0.000423812
0.00055981
0.000208259
3.91938e-006
3.93218e-006
3.94498e-006
3.95778e-006
4.57389e-006
4.65069e-006
4.66349e-006
4.67629e-006
4.1984e-006
4.2112e-006
4.224e-006
4.2624e-006
4.6592e-006
4.672e-006
4.6848e-006
4.6976e-006
0.000135781
0.000277158
4.23938e-006
4.25218e-006
4.27778e-006
4.29058e-006
0.000277987
3.9296e-006
3.9424e-006
3.968e-006
3.9936e-006
0.000349727
0.000161224
0.00016151
0.000161797
0.000162094
0.000162171
0.000163474
0.000163876
0.00016406
0.00028961
0.000289938
3.8784e-006
3.8912e-006
3.9168e-006
3.9296e-006
0.000143504
0.000143517
0.00014353
0.000143543
3.34509e-006
3.35789e-006
3.37069e-006
3.3792e-006
3.38349e-006
3.392e-006
3.4048e-006
3.4176e-006
0.00014464
0.000144653
0.000144666
0.000144678
0.000145257
3.6096e-006
3.6224e-006
3.6352e-006
3.648e-006
3.6864e-006
3.712e-006
3.7248e-006
3.7376e-006
0.000363858
0.000148702
0.000148779
0.000148791
0.000148804
3.5968e-006
3.6096e-006
3.6224e-006
3.6352e-006
0.000362787
0.000362879
0.000234494
0.000304433
0.000304612
0.00023677
0.000237548
0.000305938
0.000481111
0.00048127
0.000481352
3.5968e-006
3.6096e-006
3.6224e-006
3.6224e-006
3.6352e-006
3.6352e-006
3.648e-006
3.6608e-006
0.000481641
0.000605309
0.000608735
0.000377213
0.000389788
0.000390188
0.000253162
0.000253418
0.00025373
0.000254511
0.000326095
0.000326628
0.000326705
0.000327124
3.90146e-006
3.91427e-006
3.92707e-006
3.93987e-006
0.000161538
0.000161615
0.000161627
0.00016164
3.3792e-006
3.392e-006
3.4048e-006
3.4176e-006
0.000269161
0.000269238
3.5968e-006
3.6096e-006
3.6224e-006
3.6352e-006
4.52184e-006
4.53464e-006
4.54744e-006
4.56024e-006
0.000296252
0.000296329
0.000296431
3.8016e-006
3.8144e-006
3.8272e-006
3.84e-006
0.000168369
0.000168381
0.000168394
0.000516947
0.000517024
0.000423465
0.00030218
3.6224e-006
3.6352e-006
3.648e-006
3.6608e-006
3.6736e-006
3.6864e-006
3.6992e-006
3.712e-006
3.7248e-006
3.7376e-006
3.7504e-006
3.7632e-006
0.000305147
0.000197431
0.000307121
0.000198135
0.000198211
0.000307658
0.000474529
0.000191204
0.000521009
0.000302909
3.5968e-006
3.6096e-006
3.6224e-006
3.6352e-006
3.648e-006
3.6608e-006
3.6864e-006
3.6992e-006
0.000170791
0.000170804
0.000170817
0.00017083
0.000543905
0.00017594
0.00017603
0.000176043
0.000176055
3.5968e-006
3.5968e-006
3.6096e-006
3.6096e-006
3.6224e-006
3.6224e-006
3.6352e-006
3.6352e-006
3.6352e-006
3.648e-006
3.6608e-006
3.6864e-006
0.000444726
0.00077855
0.000780209
0.000377219
0.000377915
0.000180398
0.000180411
0.000180424
0.000180437
6.7456e-006
6.7712e-006
6.784e-006
6.7968e-006
6.8096e-006
6.8224e-006
6.8352e-006
6.848e-006
4.0508e-006
4.0636e-006
4.0764e-006
4.0892e-006
4.2624e-006
4.2752e-006
4.3008e-006
4.3648e-006
4.42968e-006
4.44248e-006
4.46808e-006
4.48088e-006
0.000307667
0.000581407
4.14894e-006
4.16174e-006
4.17454e-006
4.18734e-006
4.25646e-006
4.26926e-006
4.28206e-006
4.30766e-006
0.000188155
0.000189686
0.000189699
0.000189711
3.456e-006
3.4816e-006
3.4944e-006
3.5072e-006
0.000647383
0.000535373
3.7504e-006
3.7632e-006
3.776e-006
3.79139e-006
3.8016e-006
3.80419e-006
3.82979e-006
3.84259e-006
4.51331e-006
4.52611e-006
4.55171e-006
4.56451e-006
5.17123e-006
5.18403e-006
5.19683e-006
5.20963e-006
0.000220022
0.000220403
0.00022057
0.000220626
0.000220703
0.000220913
0.000221517
3.5968e-006
3.6096e-006
3.6224e-006
3.6352e-006
3.7248e-006
3.7376e-006
3.7504e-006
3.75384e-006
3.7632e-006
3.76664e-006
0.000536259
3.77944e-006
3.79224e-006
0.00053671
0.000198382
0.000198395
0.000198408
0.000198421
0.000226889
0.000228699
0.000489987
0.000230658
0.000490877
0.000491599
0.000232547
3.5968e-006
3.6096e-006
3.6224e-006
3.6352e-006
3.8016e-006
3.8144e-006
3.8272e-006
3.84e-006
0.00019831
0.000198322
0.000198335
0.000198348
0.0002009
0.000200913
0.000200926
0.000876134
0.000876467
3.5968e-006
3.6096e-006
3.6224e-006
3.6352e-006
0.000200226
0.000200303
0.000200316
0.000200329
0.000324402
3.6864e-006
3.6992e-006
3.712e-006
3.7248e-006
0.000227097
0.000203471
0.000203484
0.000203497
0.00020351
0.000206008
0.000206085
0.000206111
0.000206124
3.90659e-006
3.91939e-006
3.93219e-006
3.94499e-006
0.000623519
0.000761593
0.000206107
0.00020612
0.000206146
0.000206171
3.93646e-006
3.94926e-006
3.96206e-006
3.97486e-006
0.00049776
0.000498201
0.000500264
0.00036741
0.000368664
0.000369936
3.3792e-006
3.392e-006
3.4048e-006
3.4176e-006
3.4176e-006
3.4304e-006
3.4432e-006
3.456e-006
3.5968e-006
3.6096e-006
3.6224e-006
3.6352e-006
4.0832e-006
4.096e-006
4.1088e-006
4.1216e-006
0.00020929
0.000209393
0.000209469
0.000594098
3.7888e-006
3.8016e-006
3.8144e-006
3.8272e-006
0.000586178
0.00058627
0.000657459
3.8784e-006
3.8912e-006
3.904e-006
3.9168e-006
3.94329e-006
3.95609e-006
3.96889e-006
3.98169e-006
0.000249385
0.000395733
0.000752276
0.000753999
3.84601e-006
3.85881e-006
3.87161e-006
3.88441e-006
0.000400269
0.000400282
0.000400358
0.000400435
0.000224119
0.000224132
0.000224145
0.000224158
0.000249603
3.8912e-006
3.904e-006
3.9168e-006
3.9296e-006
0.000222447
0.00022246
0.000222473
0.000249807
0.000250038
0.000250683
0.000410521
0.00041061
0.0004107
0.000410802
3.6096e-006
3.6352e-006
3.648e-006
3.6608e-006
0.000620031
0.000814001
0.000815572
0.000816274
3.6864e-006
3.6992e-006
3.712e-006
3.7248e-006
0.000266115
0.000929089
0.00042095
0.000421424
0.000233705
0.000233884
0.000234115
0.000234268
0.00110996
4.05764e-006
4.07044e-006
4.08324e-006
4.09604e-006
0.00114502
0.000235559
0.000235892
0.000236212
0.000241048
0.000241061
3.5968e-006
3.5968e-006
3.6096e-006
3.6096e-006
3.6224e-006
3.6224e-006
3.6224e-006
3.6352e-006
3.6352e-006
3.6352e-006
3.648e-006
3.6608e-006
4.9664e-006
4.9792e-006
5.0048e-006
5.0176e-006
0.000889315
0.000485012
0.000243657
0.000243798
0.000243998
0.000244075
3.712e-006
3.7248e-006
3.7376e-006
3.7632e-006
0.00096105
0.000245435
0.000245614
0.000245793
0.000245973
0.000246293
0.000246369
0.000246446
0.000246523
3.5072e-006
3.5328e-006
3.5584e-006
3.584e-006
0.000249548
0.000249727
3.5968e-006
3.5968e-006
3.6096e-006
3.6096e-006
3.6224e-006
3.6224e-006
3.6352e-006
3.6352e-006
0.000251749
0.000251826
0.000251838
0.000251851
0.000282697
0.000282761
3.6224e-006
3.6352e-006
3.648e-006
3.6608e-006
0.000865786
0.000256969
0.000256982
0.000256995
0.000257008
0.000257522
3.5968e-006
3.6096e-006
3.6224e-006
3.6352e-006
3.94244e-006
3.96804e-006
3.99364e-006
4.01924e-006
0.000261448
0.00026166
0.000262167
4.75311e-006
4.79151e-006
4.80431e-006
4.81711e-006
0.000469051
0.000469064
0.000826009
0.000827056
0.00047402
0.000478093
0.000658825
3.6096e-006
3.6224e-006
3.6352e-006
3.648e-006
0.000659411
4.06361e-006
4.07641e-006
4.08921e-006
4.11482e-006
0.000659943
0.000264698
0.000264711
0.000264724
0.000264736
0.00029395
0.000294544
0.000294647
3.6224e-006
3.6352e-006
3.648e-006
3.6608e-006
3.7376e-006
3.7504e-006
3.7632e-006
3.776e-006
3.7888e-006
3.8016e-006
3.8272e-006
3.8656e-006
3.8656e-006
3.8912e-006
3.904e-006
3.9168e-006
4.1856e-006
4.1984e-006
4.2112e-006
4.224e-006
0.00107008
0.00111241
0.0011129
0.000267692
0.000267731
0.000267744
0.000298903
0.000271856
0.000271869
0.000271881
0.000271894
3.6096e-006
3.6224e-006
3.6352e-006
3.648e-006
3.4432e-006
3.456e-006
3.4688e-006
3.4816e-006
3.5968e-006
3.6096e-006
3.6224e-006
3.6352e-006
3.6608e-006
3.6608e-006
3.6736e-006
3.6736e-006
3.6864e-006
3.6864e-006
3.6992e-006
3.6992e-006
0.00137544
0.000276523
0.000276599
0.000276612
0.000276625
3.6096e-006
3.6224e-006
3.6352e-006
3.648e-006
3.6608e-006
3.6736e-006
3.6864e-006
3.6992e-006
0.000277059
0.000277071
0.000277084
0.00027711
0.000502997
0.00050331
0.000503609
3.5968e-006
3.6096e-006
3.6224e-006
3.6352e-006
3.96036e-006
3.97316e-006
3.98596e-006
3.99876e-006
0.00101028
3.5968e-006
3.6096e-006
3.6096e-006
3.6224e-006
3.6224e-006
3.62415e-006
3.6352e-006
3.6352e-006
3.63695e-006
3.648e-006
3.64975e-006
3.66255e-006
4.11567e-006
4.12847e-006
4.14127e-006
4.15407e-006
3.3792e-006
3.392e-006
3.4048e-006
3.4176e-006
3.84e-006
3.8528e-006
3.8784e-006
3.8912e-006
4.4928e-006
4.5056e-006
4.5184e-006
4.5312e-006
3.5968e-006
3.6096e-006
3.6224e-006
3.6352e-006
3.648e-006
3.6608e-006
3.6736e-006
3.6864e-006
3.86564e-006
3.87844e-006
3.89124e-006
3.90404e-006
3.99364e-006
4.00645e-006
4.01925e-006
4.03205e-006
3.57039e-006
3.58319e-006
3.59599e-006
3.60879e-006
3.74191e-006
3.75471e-006
3.76751e-006
3.78031e-006
0.000291238
0.000291314
0.000291327
0.00029134
3.6608e-006
3.6736e-006
3.6864e-006
3.6992e-006
4.85466e-006
4.88026e-006
4.90586e-006
4.93146e-006
5.17466e-006
5.18746e-006
5.20026e-006
5.21306e-006
0.000798944
0.00120861
0.00127859
0.00121349
3.5968e-006
3.5968e-006
3.5968e-006
3.6096e-006
3.6096e-006
3.6224e-006
3.6224e-006
3.6352e-006
3.6352e-006
3.6736e-006
3.6864e-006
3.6992e-006
0.00138697
0.000295098
0.000295111
0.000295124
0.000295136
0.000295445
0.000295609
0.000295778
0.000295942
4.0064e-006
4.0192e-006
4.032e-006
4.0448e-006
0.0005341
0.000303506
0.000303519
0.000303532
0.000303544
3.7504e-006
3.7632e-006
3.776e-006
3.7888e-006
3.8272e-006
3.84e-006
3.8528e-006
3.8784e-006
4.2496e-006
4.2752e-006
4.288e-006
4.3008e-006
0.00120909
0.00121021
0.00121053
0.000545714
0.000545878
0.001024
3.6224e-006
3.6224e-006
3.6352e-006
3.6352e-006
3.648e-006
3.648e-006
3.6608e-006
3.6608e-006
0.000725255
0.000725449
0.000726993
0.000727272
3.81189e-006
3.82469e-006
3.83749e-006
3.85029e-006
0.000308704
0.000308716
0.000308729
0.000308742
0.0011029
3.9296e-006
3.9424e-006
3.9552e-006
3.968e-006
0.000305679
0.000305756
0.000305769
0.000305846
0.000947616
0.000364222
0.000951513
0.000364591
0.000365085
3.5968e-006
3.6096e-006
3.6224e-006
3.6352e-006
4.2633e-006
4.2761e-006
4.2889e-006
4.3145e-006
4.6464e-006
4.672e-006
4.6976e-006
4.7104e-006
0.000961788
0.000558859
3.4304e-006
3.4432e-006
3.456e-006
3.4688e-006
0.000312036
0.000312215
0.000312394
0.000312479
0.000312492
0.000312568
0.000312573
0.000312581
0.000312658
0.000312671
0.000312684
0.000312696
3.7248e-006
3.7504e-006
3.7632e-006
3.776e-006
0.00116598
0.00138179
3.59941e-006
3.61221e-006
3.62501e-006
3.63781e-006
0.000321609
0.000321622
0.000321635
0.000321648
3.5968e-006
3.6096e-006
3.6096e-006
3.6224e-006
3.6224e-006
3.6352e-006
3.6352e-006
3.648e-006
0.000318063
0.00031814
0.000318219
0.000318332
0.000887122
0.000888274
3.6352e-006
3.648e-006
3.6489e-006
3.6608e-006
3.6617e-006
3.6736e-006
3.6745e-006
3.6873e-006
0.000322278
0.000322355
0.000322368
0.000322381
3.8272e-006
3.84e-006
3.8528e-006
3.8656e-006
0.000329318
0.00032933
0.000329343
0.000329369
0.000329382
0.000329394
0.000329407
0.00032942
3.6224e-006
3.6352e-006
3.648e-006
3.6608e-006
0.00119323
0.00119636
3.3792e-006
3.392e-006
3.4048e-006
3.4176e-006
3.6096e-006
3.6224e-006
3.6352e-006
3.648e-006
3.6608e-006
3.6736e-006
3.6864e-006
3.6992e-006
3.8912e-006
3.9168e-006
3.9296e-006
3.9424e-006
0.000326262
0.000326275
0.000326287
0.0003263
3.5968e-006
3.6096e-006
3.6224e-006
3.6352e-006
0.000392413
0.000392835
0.000329604
0.000329681
0.000329694
0.000329771
3.392e-006
3.4048e-006
3.4176e-006
3.4304e-006
3.6096e-006
3.6224e-006
3.6352e-006
3.648e-006
3.69072e-006
3.70352e-006
3.71632e-006
3.72912e-006
0.000331599
0.000331675
0.000331688
0.000331701
0.000336463
0.000336539
0.000336552
0.000336565
3.5968e-006
3.6096e-006
3.6096e-006
3.6224e-006
3.6224e-006
3.6352e-006
3.6352e-006
3.648e-006
3.5968e-006
3.6096e-006
3.6096e-006
3.6224e-006
3.6224e-006
3.6352e-006
3.6352e-006
3.648e-006
3.64805e-006
3.66085e-006
3.67365e-006
3.68645e-006
4.67717e-006
4.68997e-006
4.70277e-006
4.71557e-006
0.000334047
0.000334211
0.000334374
0.000334538
0.000334559
0.00033461
0.000334636
0.000334661
0.00056791
0.000567992
0.000568248
0.000568335
0.000568475
0.000568488
0.000568565
0.000568578
3.5968e-006
3.6096e-006
3.6224e-006
3.6352e-006
3.80848e-006
3.82128e-006
3.83408e-006
3.84688e-006
3.95696e-006
3.96976e-006
3.98256e-006
3.99536e-006
0.0010525
0.000343167
0.00034318
0.000343193
0.00105318
0.000343206
3.776e-006
3.8016e-006
3.8144e-006
3.8272e-006
3.8784e-006
3.8912e-006
3.904e-006
3.9168e-006
0.000624351
0.000628905
0.000629417
0.000629647
0.000343987
0.000344064
0.000344077
0.00034409
0.00150092
0.00172011
4.0832e-006
4.096e-006
4.1216e-006
4.1344e-006
4.1344e-006
4.1472e-006
4.16e-006
4.1856e-006
0.00107172
0.000349193
0.000349205
0.000349218
0.000349231
0.000869757
0.000872978
3.77776e-006
3.79056e-006
3.80336e-006
3.81616e-006
3.84432e-006
3.85712e-006
3.86992e-006
3.88272e-006
0.000407287
3.392e-006
3.4048e-006
3.4176e-006
3.4304e-006
3.648e-006
3.6608e-006
3.6736e-006
3.6864e-006
3.98171e-006
3.99451e-006
4.00731e-006
4.02011e-006
0.000887131
3.5968e-006
3.6096e-006
3.6224e-006
3.6352e-006
3.6352e-006
3.648e-006
3.6608e-006
3.6736e-006
4.30342e-006
4.31622e-006
4.32902e-006
4.35462e-006
0.000423391
0.00042378
0.000423857
4.48e-006
4.5056e-006
4.5184e-006
4.5312e-006
0.00128112
0.0012814
0.00128285
0.00128491
0.00128529
0.00128593
0.00141462
0.00141614
0.00141911
3.3792e-006
3.392e-006
3.4048e-006
3.4304e-006
0.000359914
0.000359927
0.00036007
0.000360239
0.000432079
0.000432156
0.000432233
0.00043231
0.000364294
0.000364307
0.00036432
0.000364332
0.000366273
0.00036635
0.000366363
0.000366375
0.000424411
0.000657934
0.000658062
0.000658277
0.000658405
4.16603e-006
4.17883e-006
4.19163e-006
4.20443e-006
0.00113113
0.00113159
3.6608e-006
3.6736e-006
3.6864e-006
3.6992e-006
3.5968e-006
3.6096e-006
3.6224e-006
3.6352e-006
0.000710908
0.000712866
3.3792e-006
3.392e-006
3.4048e-006
3.4176e-006
3.5968e-006
3.6096e-006
3.6224e-006
3.6352e-006
0.00136903
0.0013691
0.000717584
0.000676732
0.000445301
0.000445475
0.000445649
0.000445818
0.000680997
0.00080838
3.5968e-006
3.6096e-006
3.6224e-006
3.6352e-006
4.032e-006
4.0448e-006
4.0576e-006
4.0704e-006
4.85211e-006
4.86491e-006
4.87771e-006
4.89051e-006
3.6096e-006
3.6224e-006
3.6352e-006
3.648e-006
4.55686e-006
4.56966e-006
4.58246e-006
4.59526e-006
0.000450416
0.000450764
0.000451023
0.000451133
0.000610556
0.000379719
0.000379732
0.000379934
0.000380139
3.8656e-006
3.86651e-006
3.8784e-006
3.87931e-006
3.8912e-006
3.89211e-006
3.904e-006
3.90491e-006
0.000626643
0.000627242
3.5968e-006
3.6096e-006
3.6224e-006
3.6352e-006
0.00116348
0.000390488
0.000390841
0.000391056
0.00039121
0.00066485
3.6096e-006
3.6224e-006
3.6352e-006
3.648e-006
0.000618561
0.00180243
0.000794684
3.6224e-006
3.6352e-006
3.648e-006
3.6608e-006
0.00180659
0.000647474
0.000647792
0.00180997
3.6096e-006
3.6224e-006
3.6352e-006
3.648e-006
3.648e-006
3.6608e-006
3.6736e-006
3.6864e-006
0.000400505
0.000400582
0.000400595
0.000400608
0.000401138
0.000990822
0.000992071
3.7632e-006
3.776e-006
3.7888e-006
3.8144e-006
0.00100208
0.0004034
0.000403489
0.000403492
0.000403569
0.000403645
0.000403669
0.000403694
0.000403722
0.00210493
3.648e-006
3.6608e-006
3.6736e-006
3.6864e-006
0.000408856
0.000408869
0.000408882
3.5968e-006
3.6096e-006
3.6096e-006
3.6224e-006
3.6224e-006
3.6352e-006
3.6352e-006
3.648e-006
0.00126022
0.00160212
0.0016022
0.00101645
0.00102352
4.17031e-006
4.18311e-006
4.19591e-006
4.2087e-006
0.00040986
0.000409873
0.000409886
3.6096e-006
3.6224e-006
3.6352e-006
3.648e-006
3.65916e-006
3.67196e-006
3.68476e-006
3.6864e-006
3.69756e-006
3.6992e-006
3.712e-006
3.7248e-006
0.00115065
3.88444e-006
3.89724e-006
3.91004e-006
3.92284e-006
4.28124e-006
4.29404e-006
4.30684e-006
4.31964e-006
0.000463361
3.5968e-006
3.5968e-006
3.6096e-006
3.6096e-006
3.6224e-006
3.6224e-006
3.6352e-006
3.6352e-006
3.6992e-006
3.712e-006
3.7248e-006
3.7376e-006
3.6224e-006
3.6352e-006
3.648e-006
3.6608e-006
3.91601e-006
3.92881e-006
3.94161e-006
3.95441e-006
4.26417e-006
4.27697e-006
4.28977e-006
4.30257e-006
0.00203869
3.4048e-006
3.4176e-006
3.4304e-006
3.4432e-006
0.000471782
3.4304e-006
3.4432e-006
3.456e-006
3.4688e-006
0.00111794
0.00151537
0.00139295
0.00139457
0.00139517
3.5968e-006
3.6224e-006
3.6352e-006
3.648e-006
0.00125646
0.00154131
0.000426648
0.000426725
0.000426738
0.00042675
3.6608e-006
3.6736e-006
3.6864e-006
3.6992e-006
4.09095e-006
4.10375e-006
4.11655e-006
4.14215e-006
3.6096e-006
3.6224e-006
3.6352e-006
3.648e-006
0.000433423
0.000433436
0.000433449
0.000433462
0.000433838
3.7376e-006
3.7504e-006
3.7632e-006
3.776e-006
3.9552e-006
3.968e-006
3.9808e-006
4.0064e-006
0.000867142
0.000868248
0.000868325
0.000431874
0.000431887
3.63015e-006
3.64295e-006
3.65575e-006
3.66855e-006
3.98599e-006
3.99879e-006
4.01159e-006
4.02439e-006
0.00104323
0.00148463
0.00148777
0.000438595
0.000438608
0.000438621
0.000438634
0.0009163
0.000440161
0.000440238
0.000440251
0.000440264
0.000497347
0.000497563
0.000498105
0.000498525
0.000498781
0.000499252
0.000500192
0.00107721
0.000492621
0.00109526
0.00049472
3.4048e-006
3.4176e-006
3.4304e-006
3.4432e-006
0.00105694
0.00105786
0.000443524
0.000443537
0.00044355
0.000443563
0.00105805
0.000498993
0.00110037
0.00136369
0.0013687
0.000496711
0.00049836
0.00122979
3.6096e-006
3.6224e-006
3.6352e-006
3.648e-006
3.5968e-006
3.6096e-006
3.6224e-006
3.6352e-006
0.000450098
0.000450111
3.6992e-006
3.712e-006
3.7376e-006
3.7504e-006
4.2496e-006
4.2624e-006
4.288e-006
4.3136e-006
0.00212483
0.00205075
0.000539984
0.000540714
0.000541239
0.000544175
0.00114008
0.000458247
0.000458324
0.000458336
0.000458349
0.000510422
0.00229062
0.000520706
3.3792e-006
3.392e-006
3.4048e-006
3.4176e-006
3.5968e-006
3.6096e-006
3.6224e-006
3.6352e-006
3.67367e-006
3.68647e-006
3.69927e-006
3.71207e-006
3.6096e-006
3.6224e-006
3.6352e-006
3.648e-006
0.0018677
0.00187342
3.9296e-006
3.9424e-006
3.9552e-006
3.9808e-006
0.000466817
0.00046683
0.000466843
3.61223e-006
3.62503e-006
3.63783e-006
3.65063e-006
0.0021236
0.00084828
0.000848866
0.000849214
0.00144503
0.00195365
3.6096e-006
3.6224e-006
3.6352e-006
3.648e-006
0.00046991
0.000469923
0.000469936
0.000469949
0.000801279
0.000801356
0.00080268
0.000804328
3.5968e-006
3.602e-006
3.6096e-006
3.61479e-006
3.6224e-006
3.62759e-006
3.6352e-006
3.64039e-006
4.032e-006
4.0576e-006
4.0704e-006
4.0832e-006
4.10375e-006
4.12936e-006
4.14216e-006
4.15496e-006
0.000473854
0.000473931
0.000473944
0.000473957
3.86226e-006
3.87506e-006
3.88786e-006
3.90066e-006
4.44338e-006
4.45618e-006
4.46898e-006
4.48178e-006
0.000527292
0.000476467
0.000476544
0.000476557
0.00047657
0.00147427
0.00147459
0.00147508
0.00119002
0.00119009
0.00119025
3.7376e-006
3.7504e-006
3.7632e-006
3.776e-006
0.00191808
0.000526405
0.000526444
3.5968e-006
3.5968e-006
3.6096e-006
3.6096e-006
3.6224e-006
3.6224e-006
3.6352e-006
3.6352e-006
3.6736e-006
3.6864e-006
3.6992e-006
3.712e-006
0.00149037
0.000480224
0.0004803
0.000480313
0.000480326
3.6096e-006
3.6224e-006
3.6352e-006
3.648e-006
0.00143947
0.00048414
0.000484152
0.000484165
0.00175539
0.00175559
0.00175568
0.00175584
0.00244171
0.00159976
0.00160057
0.00160514
0.00160525
0.00151021
3.7504e-006
3.7632e-006
3.776e-006
3.8016e-006
3.6148e-006
3.6224e-006
3.6276e-006
3.6352e-006
3.6404e-006
3.648e-006
3.6532e-006
3.6608e-006
3.81192e-006
3.82472e-006
3.83752e-006
3.85032e-006
0.00049252
0.000492533
0.000492546
0.000492559
0.000493946
0.000493959
0.000551119
0.00118062
0.00118153
0.00118397
0.0023358
3.6096e-006
3.6224e-006
3.6352e-006
3.648e-006
3.64211e-006
3.65491e-006
3.66771e-006
3.68051e-006
3.6992e-006
3.712e-006
3.7376e-006
3.7504e-006
4.4544e-006
4.48e-006
4.4928e-006
4.5056e-006
0.000501219
0.000501232
0.000501245
0.000501257
4.05597e-006
4.06877e-006
4.08157e-006
4.10717e-006
0.000911584
0.0005598
0.000565503
0.00100932
0.000505121
0.000505134
0.000505147
0.000505224
0.000505702
0.000505779
0.000505792
0.000505805
0.00101259
3.6608e-006
3.6736e-006
3.6864e-006
3.6992e-006
0.00101428
0.000556237
0.000556442
0.00055671
3.5968e-006
3.6096e-006
3.6224e-006
3.6352e-006
0.00101964
0.00101977
3.41768e-006
3.43048e-006
3.44328e-006
3.45608e-006
3.648e-006
3.6608e-006
3.6736e-006
3.6864e-006
0.000516427
0.00051644
3.392e-006
3.4048e-006
3.4176e-006
3.4304e-006
3.5968e-006
3.6096e-006
3.6224e-006
3.6352e-006
4.1088e-006
4.1216e-006
4.1344e-006
4.1472e-006
0.00242462
3.5968e-006
3.6096e-006
3.6224e-006
3.6352e-006
0.000514267
0.000514498
0.000514697
0.000514864
0.000993691
0.00159556
0.00159652
0.00159703
0.000997976
0.000999811
3.5968e-006
3.6096e-006
3.6224e-006
3.6352e-006
0.000581271
0.000581284
0.000581297
0.000519312
0.000519325
0.000519338
0.000519363
3.84e-006
3.8528e-006
3.8656e-006
3.8784e-006
4.27699e-006
4.28979e-006
4.30259e-006
4.31539e-006
0.000569406
0.000521935
0.000521948
0.000521961
0.000521974
0.00160076
3.5968e-006
3.6096e-006
3.6224e-006
3.6352e-006
0.0018773
0.000581679
0.000561218
0.000561295
3.59944e-006
3.61224e-006
3.62504e-006
3.63784e-006
0.000522815
0.000522828
0.000522854
0.000522879
4.38536e-006
4.39816e-006
4.41096e-006
4.42376e-006
3.61651e-006
3.62931e-006
3.6352e-006
3.64211e-006
3.648e-006
3.65491e-006
3.6608e-006
3.6736e-006
0.0023129
3.5968e-006
3.5968e-006
3.6096e-006
3.6096e-006
3.6224e-006
3.6224e-006
3.6352e-006
3.6352e-006
0.000582939
0.000583745
0.000584347
0.00058513
3.79144e-006
3.80424e-006
3.81704e-006
3.82984e-006
3.85544e-006
3.86824e-006
3.88104e-006
3.89384e-006
3.968e-006
3.9808e-006
3.9936e-006
4.0064e-006
3.6352e-006
3.648e-006
3.6608e-006
3.6736e-006
0.00181223
3.59944e-006
3.61225e-006
3.62504e-006
3.63784e-006
3.648e-006
3.6608e-006
3.6736e-006
3.6864e-006
0.000537819
0.000537942
0.00138454
0.000538121
3.3792e-006
3.392e-006
3.4048e-006
3.4176e-006
0.000540338
0.00054035
0.000540363
0.000540366
0.000540376
0.000540379
0.000540524
0.000540768
0.0013477
0.00134789
0.00134798
0.00134816
0.000968806
0.000968882
0.000969036
0.000969113
3.41513e-006
3.42793e-006
3.44073e-006
3.45353e-006
3.6224e-006
3.6352e-006
3.648e-006
3.6608e-006
0.000542822
0.000542899
0.000542912
0.000542925
0.000968475
0.000968802
0.00096913
3.712e-006
3.7248e-006
3.7376e-006
3.7504e-006
0.00109478
0.00109615
3.8912e-006
3.904e-006
3.9296e-006
3.9424e-006
0.0011839
0.000653926
0.000654002
0.000654015
0.000654092
0.00118704
0.00118821
3.6096e-006
3.6224e-006
3.6224e-006
3.6352e-006
3.6352e-006
3.648e-006
3.648e-006
3.6608e-006
4.06195e-006
4.07475e-006
4.08755e-006
4.10035e-006
0.000933013
0.0011927
0.000933359
0.000933551
0.00093414
4.1507e-006
4.1635e-006
4.1891e-006
4.2019e-006
0.000642674
0.000657628
0.000657705
0.000657718
0.000657731
0.000548686
0.000549047
0.00054929
3.6224e-006
3.6224e-006
3.6352e-006
3.6352e-006
3.648e-006
3.648e-006
3.6608e-006
3.6608e-006
3.70441e-006
3.71721e-006
3.73001e-006
3.74281e-006
4.02441e-006
4.05001e-006
4.06281e-006
4.07561e-006
0.00182021
0.000554538
0.000554697
0.000554866
0.00133339
0.00133661
3.3792e-006
3.392e-006
3.4048e-006
3.4176e-006
0.00225587
3.5712e-006
3.584e-006
3.5968e-006
3.6096e-006
3.63529e-006
3.64809e-006
3.66089e-006
3.67369e-006
3.6224e-006
3.6352e-006
3.648e-006
3.6608e-006
0.00140499
0.000563272
0.000563349
0.000563361
0.000563374
3.6096e-006
3.6224e-006
3.6352e-006
3.648e-006
3.6608e-006
3.6736e-006
3.6864e-006
3.6992e-006
3.8784e-006
3.8912e-006
3.904e-006
3.9168e-006
0.000564823
0.0005649
0.000564913
0.000564926
3.5968e-006
3.6096e-006
3.6096e-006
3.6224e-006
3.6224e-006
3.6352e-006
3.6352e-006
3.648e-006
4.54921e-006
4.56201e-006
4.57481e-006
4.60041e-006
0.000861408
4.0466e-006
4.0594e-006
4.0722e-006
4.1106e-006
0.000676687
0.000676867
0.000677046
0.000677225
0.000569038
0.000569058
0.000569071
0.00142939
0.000654841
3.6352e-006
3.648e-006
3.6608e-006
3.6736e-006
4.3136e-006
4.3264e-006
4.3392e-006
4.3648e-006
0.000571909
0.000571986
0.000571999
0.000572012
0.00237562
0.00114893
4.2624e-006
4.2752e-006
4.288e-006
4.3008e-006
0.00067805
0.000678188
0.000678475
0.000679558
4.6848e-006
4.6976e-006
4.7104e-006
4.736e-006
0.00115268
0.00171605
0.000576782
0.000576795
0.000576807
0.00057682
3.6608e-006
3.6736e-006
3.6864e-006
3.6992e-006
0.00057714
3.7376e-006
3.7504e-006
3.7632e-006
3.776e-006
0.000577319
3.3792e-006
3.392e-006
3.4048e-006
3.4176e-006
3.6096e-006
3.6224e-006
3.6352e-006
3.648e-006
3.6736e-006
3.6864e-006
3.6992e-006
3.712e-006
4.28297e-006
4.29577e-006
4.30857e-006
4.32137e-006
4.0082e-006
4.021e-006
4.0338e-006
4.0466e-006
3.6352e-006
3.648e-006
3.6608e-006
3.6736e-006
3.84e-006
3.8528e-006
3.8656e-006
3.8912e-006
3.96639e-006
3.99199e-006
4.00479e-006
4.01759e-006
0.000583758
0.000583835
0.00058386
0.000583937
0.00214541
0.000672252
0.000672748
3.84e-006
3.8528e-006
3.8784e-006
3.8912e-006
0.00067315
0.000673388
0.000673847
0.000585928
3.4688e-006
3.4816e-006
3.4944e-006
3.5072e-006
3.5968e-006
3.5968e-006
3.6096e-006
3.6096e-006
3.6224e-006
3.6224e-006
3.6352e-006
3.6352e-006
0.000995757
0.000997216
3.6096e-006
3.6224e-006
3.6352e-006
3.648e-006
3.84607e-006
3.85887e-006
3.87167e-006
3.88447e-006
0.00157467
0.000589868
0.000589881
0.000589894
0.000589907
3.776e-006
3.7888e-006
3.8016e-006
3.8528e-006
0.00182466
0.00182557
0.00182601
0.00175103
0.00142364
0.0017534
0.000593096
0.000593109
0.000593121
0.000593198
0.00175462
0.00182338
0.00142642
0.0018381
0.00183851
0.000713647
4.72244e-006
4.73524e-006
4.74804e-006
4.81204e-006
0.00101591
0.0010162
0.000691841
0.000691854
0.000691931
0.000692678
0.00120146
0.00120161
0.000600906
0.00120171
0.000600983
0.00060106
0.000601152
0.00120192
3.6224e-006
3.6352e-006
3.648e-006
3.6608e-006
0.000694108
0.000695516
0.000696581
0.000601901
0.000601914
0.000601927
0.00060194
0.00325588
0.00110334
0.0011054
0.00217326
0.00153202
0.00216085
0.00153329
0.00153337
0.0015335
4.32308e-006
4.33588e-006
4.34868e-006
4.36148e-006
0.00217262
4.53471e-006
4.54751e-006
4.56031e-006
4.57311e-006
3.6608e-006
3.6736e-006
3.6864e-006
3.6992e-006
4.9792e-006
5.0432e-006
5.0688e-006
5.0944e-006
0.000609622
0.000609781
0.000609935
0.000610093
3.5968e-006
3.5968e-006
3.6096e-006
3.6096e-006
3.6224e-006
3.6224e-006
3.6352e-006
3.6352e-006
0.00154869
0.0015497
3.4432e-006
3.456e-006
3.4688e-006
3.4816e-006
3.5968e-006
3.6096e-006
3.6224e-006
3.6352e-006
3.6736e-006
3.6864e-006
3.6992e-006
3.7248e-006
0.000613727
0.00061374
0.000613752
0.000613778
0.00290996
0.00291037
3.8273e-006
3.8401e-006
3.8529e-006
3.8657e-006
4.33589e-006
4.34869e-006
4.36149e-006
4.37428e-006
0.000618057
0.000618082
0.000618095
0.000618108
3.84863e-006
3.86143e-006
3.87423e-006
3.88703e-006
0.000619314
0.000619344
0.000619357
0.00061937
0.000619383
0.00061939
0.000619403
0.000619416
0.00324201
0.00228631
0.00127241
3.5968e-006
3.6096e-006
3.6224e-006
3.6352e-006
0.000742275
0.000742316
0.000742444
0.000742485
0.000742613
0.000742654
0.000742782
0.000742822
0.000620995
0.000621071
0.000621084
0.000621097
0.00157967
0.00211641
0.00211792
0.000624061
0.000624073
0.000624086
0.000624099
3.712e-006
3.7376e-006
3.7376e-006
3.7504e-006
3.7504e-006
3.7504e-006
3.7632e-006
3.7632e-006
3.776e-006
3.776e-006
3.776e-006
3.7888e-006
0.00150297
3.6096e-006
3.6224e-006
3.6352e-006
3.648e-006
3.8785e-006
3.8913e-006
3.9041e-006
3.9169e-006
0.0015079
0.00151078
3.5968e-006
3.6096e-006
3.6224e-006
3.6352e-006
3.6096e-006
3.6224e-006
3.6352e-006
3.648e-006
0.000631999
0.000632102
4.0576e-006
4.0704e-006
4.0832e-006
4.096e-006
4.35551e-006
4.36831e-006
4.38111e-006
4.39391e-006
0.00126546
0.00157242
0.000634336
0.000634412
0.000634425
0.000634451
3.8272e-006
3.84e-006
3.8528e-006
3.8656e-006
4.5056e-006
4.5184e-006
4.5312e-006
4.544e-006
4.76853e-006
4.78133e-006
4.79413e-006
4.80693e-006
0.00265011
3.3792e-006
3.392e-006
3.4048e-006
3.4176e-006
3.6608e-006
3.6736e-006
3.6864e-006
3.6992e-006
3.7248e-006
3.7376e-006
3.7504e-006
3.7632e-006
0.00063802
0.000638033
0.000638046
0.00148673
3.5968e-006
3.5968e-006
3.6096e-006
3.6096e-006
3.6224e-006
3.6224e-006
3.6352e-006
3.6352e-006
0.000641447
0.000641524
0.000641537
0.00064155
3.72149e-006
3.73429e-006
3.74709e-006
3.75989e-006
3.88533e-006
3.89813e-006
3.91093e-006
3.92373e-006
3.3792e-006
3.392e-006
3.4048e-006
3.4176e-006
3.7632e-006
3.776e-006
3.7888e-006
3.8016e-006
3.8784e-006
3.8912e-006
3.904e-006
3.9168e-006
0.00128959
0.00129126
0.00129179
3.776e-006
3.8016e-006
3.8144e-006
3.8272e-006
3.8656e-006
3.8784e-006
3.8912e-006
3.904e-006
4.4544e-006
4.4672e-006
4.48e-006
4.4928e-006
0.00064774
0.000648283
0.000648462
0.000648605
0.000648618
0.000648631
0.00064882
0.000648848
0.00118786
0.00118903
0.00118912
0.00118941
0.00119034
3.9552e-006
3.968e-006
3.9808e-006
3.9936e-006
3.6096e-006
3.6224e-006
3.6352e-006
3.648e-006
3.8144e-006
3.8272e-006
3.84e-006
3.8656e-006
0.000652694
0.000652771
0.000652784
0.000652797
0.00181667
0.00181737
0.00203637
3.3792e-006
3.392e-006
3.4048e-006
3.4176e-006
3.6992e-006
3.712e-006
3.7376e-006
3.7504e-006
3.9681e-006
3.9809e-006
3.9937e-006
4.00651e-006
0.000659387
0.000659464
0.000659477
0.000659553
0.00203857
0.00117947
0.00117967
0.00164445
0.00164467
0.00164476
0.00142699
0.00142882
3.648e-006
3.6608e-006
3.6736e-006
3.6864e-006
4.3392e-006
4.352e-006
4.3648e-006
4.3776e-006
6.3872e-006
6.4128e-006
6.4384e-006
6.4768e-006
6.656e-006
6.6688e-006
6.6816e-006
6.6944e-006
0.000663425
0.000663527
0.00066363
0.000663719
0.00165527
0.00165547
3.9296e-006
3.9552e-006
3.9808e-006
4.0064e-006
0.00165621
0.00165635
4.56971e-006
4.58251e-006
4.59531e-006
4.62091e-006
0.000664269
0.000664346
0.000664358
0.000664371
0.000795159
0.000795963
0.000796396
0.000796465
0.000796472
0.000796549
0.00244862
0.000796608
0.000796762
0.00066692
0.000666933
0.000666946
0.000667273
0.000667678
0.000667832
0.000667908
0.000667921
0.000667998
3.4688e-006
3.4816e-006
3.4944e-006
3.5072e-006
3.6352e-006
3.648e-006
3.6736e-006
3.6864e-006
3.7888e-006
3.8016e-006
3.8144e-006
3.8272e-006
0.00156404
3.5968e-006
3.6096e-006
3.6224e-006
3.6352e-006
3.69504e-006
3.70784e-006
3.72064e-006
3.73344e-006
0.000674452
0.000674465
0.000674477
0.00067449
3.63275e-006
3.64555e-006
3.65835e-006
3.67115e-006
0.000677162
0.000677175
0.000677188
0.000677264
0.000677541
0.000677554
0.000677566
0.000677643
3.5968e-006
3.6096e-006
3.6224e-006
3.6352e-006
0.00243741
0.000679132
0.000679145
0.000679158
0.000679171
3.81792e-006
3.83072e-006
3.84352e-006
3.85632e-006
0.00123632
0.00123655
0.000761599
0.000681702
0.000681714
0.000681791
0.000681868
3.5968e-006
3.6096e-006
3.6224e-006
3.6352e-006
0.00299377
0.00134366
0.000787729
0.000787908
0.00244581
0.000685391
0.000685417
0.000685443
0.000685468
0.000685691
0.000685768
0.000685781
0.000685793
3.4688e-006
3.4816e-006
3.4944e-006
3.5072e-006
0.00247535
0.000733063
0.00165823
0.000690914
0.000690927
0.000690953
0.000690965
0.00166081
0.00138989
0.00138998
3.86912e-006
3.88192e-006
3.89472e-006
3.90752e-006
3.6608e-006
3.6736e-006
3.6992e-006
3.712e-006
3.8144e-006
3.8272e-006
3.84e-006
3.8528e-006
3.648e-006
3.6608e-006
3.6736e-006
3.6864e-006
0.00187616
0.00187682
0.00187883
0.000789785
0.000697045
0.000697122
0.000697135
0.000697148
3.6464e-006
3.6592e-006
3.67201e-006
3.6848e-006
0.000699535
0.000699548
0.00177645
3.6608e-006
3.6736e-006
3.6864e-006
3.6992e-006
0.00179633
0.00179778
0.00373776
0.00219261
0.000708803
0.000708879
0.000708905
0.000708918
0.000709202
0.000709215
0.000709228
0.000709304
0.00286785
0.00153332
0.00153697
0.00286191
0.00153803
0.000707867
0.00070788
0.000707893
0.000707906
0.000709721
0.000709798
0.00070981
0.000709823
0.000711538
3.5968e-006
3.6096e-006
3.6224e-006
3.6352e-006
3.6736e-006
3.6864e-006
3.6864e-006
3.6992e-006
3.6992e-006
3.712e-006
3.712e-006
3.7248e-006
0.00178475
3.648e-006
3.6608e-006
3.6736e-006
3.6864e-006
0.00224333
3.904e-006
3.9168e-006
3.9296e-006
3.9424e-006
0.0022617
3.8272e-006
3.8528e-006
3.8784e-006
3.8912e-006
0.00144001
0.000717413
0.000717426
0.000717438
0.000717451
0.00144353
0.00144374
0.00072177
0.000721783
3.8656e-006
3.8784e-006
3.8912e-006
3.904e-006
0.000720041
0.000720054
0.000720067
0.00265794
0.00200351
0.00157309
3.584e-006
3.5968e-006
3.6224e-006
3.648e-006
3.776e-006
3.7888e-006
3.8144e-006
3.8272e-006
4.1856e-006
4.1984e-006
4.2112e-006
4.224e-006
0.000725948
3.5968e-006
3.6096e-006
3.6096e-006
3.6224e-006
3.6224e-006
3.6352e-006
3.6352e-006
3.648e-006
3.74198e-006
3.75478e-006
3.76758e-006
3.78038e-006
3.83158e-006
3.84438e-006
3.85718e-006
3.86998e-006
3.5968e-006
3.6096e-006
3.6096e-006
3.6224e-006
3.6224e-006
3.6352e-006
3.6352e-006
3.648e-006
0.0023003
0.00130663
0.00130671
0.00130678
0.00130717
3.392e-006
3.4048e-006
3.4176e-006
3.4304e-006
4.0704e-006
4.0832e-006
4.096e-006
4.1088e-006
0.000731048
0.000731061
0.000731074
0.000731087
0.00133331
0.00133341
0.00133355
0.000876131
0.00183304
3.5968e-006
3.6096e-006
3.6224e-006
3.6352e-006
0.00281699
0.00183528
0.00133852
0.00133876
0.000834643
3.3792e-006
3.392e-006
3.4048e-006
3.4176e-006
0.00083645
3.6096e-006
3.6224e-006
3.6352e-006
3.648e-006
0.00135311
0.00135355
0.0013536
0.00135409
0.00135436
0.00135485
3.63446e-006
3.64726e-006
3.66006e-006
3.67287e-006
0.000739001
0.000739014
0.000739027
0.000739052
0.00074194
0.000742017
0.000742124
0.000742201
0.000742846
0.000742859
0.000742872
0.000742885
0.0014864
0.00149081
3.392e-006
3.4048e-006
3.4176e-006
3.4304e-006
3.6096e-006
3.6224e-006
3.6352e-006
3.648e-006
3.69676e-006
3.70956e-006
3.72236e-006
3.73516e-006
0.0017428
0.0020593
3.75223e-006
3.76503e-006
3.77783e-006
3.79063e-006
0.00175404
0.000745405
0.000745558
0.000745737
0.000745878
0.00354551
0.00081552
0.00180129
0.000818392
0.00180382
0.00180394
0.00136844
3.3792e-006
3.392e-006
3.4048e-006
3.4176e-006
0.000746786
0.000746799
0.000746812
0.000746825
0.00342862
3.648e-006
3.6608e-006
3.6736e-006
3.6864e-006
3.6608e-006
3.6736e-006
3.6864e-006
3.6992e-006
4.1088e-006
4.1344e-006
4.1472e-006
4.16e-006
0.00208228
0.000903553
0.000904521
0.00090513
0.0023675
0.000753481
0.000753493
0.000753506
0.000753519
0.00333581
0.00137342
0.0013735
0.00208362
0.00444938
3.5968e-006
3.5968e-006
3.6096e-006
3.6096e-006
3.6224e-006
3.6224e-006
3.6352e-006
3.6352e-006
0.000838723
0.000839145
0.000839695
0.000839785
0.00204945
0.00235675
0.00235693
0.00235725
0.00235732
0.000762185
0.000762198
0.000762211
0.000762224
0.000767335
0.000767345
0.000767358
0.00076737
0.000767383
0.000767411
0.000767424
0.000767437
0.000767657
0.00076767
0.000767683
0.000767759
3.5968e-006
3.6096e-006
3.6224e-006
3.6352e-006
3.6736e-006
3.6864e-006
3.6992e-006
3.712e-006
3.90668e-006
3.91948e-006
3.93228e-006
3.94508e-006
3.72919e-006
3.74199e-006
3.76759e-006
3.78039e-006
0.00192978
4.7872e-006
4.8e-006
4.8128e-006
4.8768e-006
0.00240431
0.00263737
0.00263745
3.6096e-006
3.6224e-006
3.6352e-006
3.648e-006
4.29068e-006
4.30348e-006
4.31628e-006
4.32908e-006
0.00193111
0.00264282
0.00186517
3.5968e-006
3.6096e-006
3.6224e-006
3.6352e-006
3.64471e-006
3.67031e-006
3.68311e-006
3.69591e-006
0.00077756
0.000777714
0.000777803
0.00077788
3.712e-006
3.7248e-006
3.7376e-006
3.7504e-006
4.0381e-006
4.0509e-006
4.0765e-006
4.0893e-006
4.1021e-006
4.1149e-006
4.1277e-006
4.1533e-006
0.000779336
0.000779349
0.000779361
3.64045e-006
3.65324e-006
3.66604e-006
3.67885e-006
0.00267145
0.00156815
0.00156868
0.000777735
0.000777761
0.000777786
0.000777799
0.00157318
0.00157331
3.5968e-006
3.6096e-006
3.6224e-006
3.6352e-006
3.392e-006
3.4048e-006
3.4176e-006
3.4304e-006
0.00140265
0.002031
0.00140296
0.00140329
0.00140362
3.91095e-006
3.92375e-006
3.93655e-006
3.94935e-006
0.00190494
3.6096e-006
3.6096e-006
3.6224e-006
3.6224e-006
3.6352e-006
3.6352e-006
3.648e-006
3.6608e-006
0.000791804
0.000791817
0.000791829
0.00245873
0.00245923
0.00311538
0.000794443
0.000794456
0.000794469
0.000794482
3.6736e-006
3.6864e-006
3.6992e-006
3.712e-006
3.7376e-006
3.7504e-006
3.7632e-006
3.776e-006
0.000798445
0.000798522
0.000798535
0.000798548
0.000795321
0.000795347
0.00079536
3.6224e-006
3.6352e-006
3.648e-006
3.6608e-006
3.712e-006
0.000795616
3.7248e-006
3.7376e-006
3.7504e-006
3.7504e-006
3.7632e-006
3.776e-006
3.776e-006
3.7888e-006
3.8016e-006
3.8016e-006
3.8144e-006
0.000800162
0.000800226
0.000800239
0.000800336
0.000800367
0.000800413
0.000800444
0.00080049
0.00173265
0.00173407
0.00173751
3.7248e-006
3.7376e-006
3.7504e-006
3.7632e-006
0.00173804
4.06711e-006
4.09271e-006
4.10552e-006
4.11832e-006
0.000798677
0.000798689
0.000798702
0.00326006
0.000802476
0.000802552
0.000802565
0.000802642
3.8656e-006
3.8784e-006
3.8912e-006
3.904e-006
4.33762e-006
4.35042e-006
4.36322e-006
4.37602e-006
0.000804582
0.000804822
0.00080515
0.00080538
3.5968e-006
3.6096e-006
3.6096e-006
3.6224e-006
3.6224e-006
3.6352e-006
3.6352e-006
3.648e-006
3.712e-006
3.7248e-006
3.7248e-006
3.7376e-006
3.7504e-006
3.7632e-006
3.7632e-006
3.776e-006
4.30861e-006
4.32141e-006
4.33421e-006
4.35981e-006
4.08248e-006
4.09528e-006
4.10808e-006
4.12088e-006
3.6608e-006
3.6736e-006
3.6864e-006
3.6992e-006
3.712e-006
3.7248e-006
3.7376e-006
3.7504e-006
3.8144e-006
3.84e-006
3.8528e-006
3.8784e-006
3.9424e-006
3.968e-006
3.9808e-006
4.0064e-006
0.000810253
0.000810266
0.000810279
0.000810291
0.000810447
0.00081046
0.000810473
0.000913847
0.000811286
0.000811627
0.000811801
0.000812323
0.00338469
0.00190011
0.00191277
0.00191288
0.000811561
0.000811638
0.000811651
0.000811663
0.000817976
0.000818053
0.000818066
0.000818079
3.5968e-006
3.6096e-006
3.6224e-006
3.6352e-006
4.07821e-006
4.09101e-006
4.10381e-006
4.11661e-006
4.63629e-006
4.64909e-006
4.66189e-006
4.67469e-006
0.00149694
0.00149792
3.6224e-006
3.6352e-006
3.648e-006
3.6608e-006
3.7504e-006
3.7632e-006
3.776e-006
3.776e-006
3.7888e-006
3.7888e-006
3.8016e-006
3.8272e-006
0.00149289
0.0017811
0.00178143
0.0017819
0.00178275
0.00149657
0.00149666
0.00149668
0.00255769
0.000825078
0.000825155
0.000825167
0.00082518
0.00256179
0.00256812
3.65496e-006
3.66776e-006
3.68056e-006
3.69336e-006
0.00249196
0.000985104
0.000986474
3.6224e-006
3.6352e-006
3.648e-006
3.6608e-006
3.92291e-006
3.93571e-006
3.94851e-006
3.96131e-006
4.32995e-006
4.34275e-006
4.35555e-006
4.36835e-006
0.000988637
3.45016e-006
3.46296e-006
3.47576e-006
3.48856e-006
0.00230339
0.000993673
0.00099503
0.0023058
0.000995752
0.000995998
0.00259373
0.00153151
3.7504e-006
3.7632e-006
3.776e-006
3.7888e-006
4.032e-006
4.0448e-006
4.0576e-006
4.0704e-006
0.00166992
4.77283e-006
4.78563e-006
4.79843e-006
4.81123e-006
0.00153456
0.00167193
0.00167285
0.000835908
0.000836158
3.49965e-006
3.51245e-006
0.000836379
3.52525e-006
3.53805e-006
0.000836578
3.8016e-006
3.8144e-006
3.8272e-006
3.84e-006
0.00083738
0.000837392
0.000837405
0.000837418
0.00398195
3.60632e-006
3.61912e-006
3.63192e-006
3.64472e-006
0.00330142
3.5968e-006
3.6096e-006
3.6096e-006
3.6224e-006
3.6224e-006
3.6352e-006
3.6352e-006
3.648e-006
3.66435e-006
3.67715e-006
3.68995e-006
3.70275e-006
0.00150789
0.000841146
0.0008413
0.000841505
0.000841873
0.000841906
0.000841919
0.000841945
0.00084195
0.000841963
0.000841976
0.000841983
3.8016e-006
3.8144e-006
3.8272e-006
3.84e-006
0.000844496
0.000844573
0.000844586
0.000844599
0.00261621
0.000845985
0.000845998
0.000846011
0.000846024
3.4944e-006
3.5072e-006
3.52e-006
3.5328e-006
3.5968e-006
3.6096e-006
3.6224e-006
3.6352e-006
3.8272e-006
3.8528e-006
3.8656e-006
3.8784e-006
4.224e-006
4.2496e-006
4.2752e-006
4.288e-006
0.00154938
0.00402239
0.000848291
0.000848304
0.000848317
0.000846457
0.00084647
0.000846483
0.000846496
0.000850515
0.000850694
0.000850873
0.000851045
0.000851052
0.000851058
0.00085107
0.000851083
0.00214176
0.00204683
3.648e-006
3.6608e-006
3.6736e-006
3.6864e-006
4.2496e-006
4.2752e-006
4.3008e-006
4.3136e-006
0.00085281
0.000852823
0.000852836
0.000852849
0.00096536
0.00096664
0.000968248
0.00096922
3.6224e-006
3.6352e-006
3.648e-006
3.6608e-006
0.000855702
0.000855715
0.000855728
0.000855741
0.00102026
0.00102034
0.00102061
0.00102073
0.00102081
3.9552e-006
3.968e-006
3.9808e-006
3.9936e-006
4.2496e-006
4.2624e-006
4.288e-006
4.3008e-006
0.00135714
0.000857301
0.000857314
0.000857317
0.000857327
0.00085733
0.00085734
0.000857342
0.000857355
0.000858269
0.000858346
0.000858359
0.000858372
3.6352e-006
3.648e-006
3.6608e-006
3.6736e-006
3.7632e-006
3.776e-006
3.7888e-006
3.79491e-006
3.80771e-006
3.8144e-006
3.83331e-006
3.84611e-006
0.00085897
0.000859047
0.000859134
3.34094e-006
3.35374e-006
3.36654e-006
3.37934e-006
3.6224e-006
3.6352e-006
3.648e-006
3.6608e-006
0.00349999
0.00217314
3.5968e-006
3.6096e-006
3.6224e-006
3.6352e-006
0.00255707
0.000992114
3.6224e-006
3.6352e-006
3.648e-006
3.6608e-006
3.7248e-006
3.7376e-006
3.7504e-006
3.7632e-006
0.00216654
0.0021941
0.00223812
0.00256838
0.00256907
3.4048e-006
3.4176e-006
3.4304e-006
3.4432e-006
3.5968e-006
3.5968e-006
3.6096e-006
3.6096e-006
3.6224e-006
3.6224e-006
3.6352e-006
3.6352e-006
0.000986111
3.6608e-006
3.6736e-006
3.6864e-006
3.6992e-006
4.1472e-006
4.16e-006
4.1728e-006
4.1856e-006
0.000938304
0.000938657
0.00093918
0.000940188
0.000872562
0.000873227
0.000873573
0.000873765
3.5968e-006
3.6096e-006
3.6224e-006
3.6352e-006
3.7632e-006
3.776e-006
3.7888e-006
3.8016e-006
0.000875377
0.000875454
0.000875466
0.000875479
3.6608e-006
3.6736e-006
3.6864e-006
3.6992e-006
0.00375192
0.00218528
0.000874984
0.000874997
0.00087501
0.000877298
0.000877311
0.000877324
3.5584e-006
3.584e-006
0.000877401
3.5968e-006
3.6096e-006
0.000877895
0.000877921
0.000877933
0.000877946
0.000878038
0.000878051
0.00149385
0.00149443
0.00149451
0.00149651
0.00176146
3.6096e-006
3.6224e-006
3.6352e-006
3.648e-006
3.6608e-006
3.6736e-006
3.6864e-006
3.6992e-006
3.75054e-006
3.76334e-006
3.77614e-006
3.78894e-006
0.00087867
0.000878997
0.00224666
0.0008819
0.000881976
3.392e-006
3.4048e-006
3.4176e-006
3.4304e-006
4.30691e-006
4.33251e-006
4.34531e-006
4.35812e-006
0.00101477
0.00361474
0.00361578
0.00361585
0.00222905
0.00222921
4.0219e-006
4.0347e-006
4.0475e-006
4.0603e-006
0.00238202
0.00229447
0.00229454
0.0027667
0.00245824
3.648e-006
3.6608e-006
3.6736e-006
3.6736e-006
3.6864e-006
3.6864e-006
3.6992e-006
3.712e-006
0.000951527
0.00303334
0.00303474
0.00303795
0.000963762
0.00304015
0.00363219
0.00178938
0.00363292
0.00214526
0.00214603
0.00371753
0.000892965
0.00214915
0.000893144
0.000893356
0.000893502
0.00160396
0.00439875
3.6352e-006
3.648e-006
3.6608e-006
3.6736e-006
4.27876e-006
4.29156e-006
4.30436e-006
4.31716e-006
0.000898343
0.000898586
0.000898714
0.000898944
0.00101047
3.8144e-006
3.8272e-006
3.84e-006
3.8528e-006
0.00101535
3.5968e-006
3.6096e-006
3.6096e-006
3.6224e-006
3.6224e-006
3.6352e-006
3.6352e-006
3.648e-006
0.000989437
0.00226293
0.000898415
0.000898428
0.000898441
0.000899216
0.00102715
3.5968e-006
3.6096e-006
3.6224e-006
3.6352e-006
3.80772e-006
3.82052e-006
3.83332e-006
3.84612e-006
0.00250354
0.00250548
3.77614e-006
3.78895e-006
3.80174e-006
3.81454e-006
0.000905498
0.000905511
0.000905575
0.000905587
0.0009056
0.000905651
0.000905664
0.000905677
4.75407e-006
4.77967e-006
4.80526e-006
4.81806e-006
0.00307993
0.00249634
3.8016e-006
3.8144e-006
3.8272e-006
3.84e-006
0.000908425
0.000908501
0.000908514
0.000908527
4.4416e-006
4.48e-006
4.4928e-006
4.5056e-006
0.00282271
0.00282279
0.00219222
0.00231554
0.00231579
0.00231824
0.00231847
0.000912939
0.000913016
0.000913028
0.000913041
0.00109131
0.000914426
0.000914539
0.000914641
0.000914718
0.00166787
4.32996e-006
4.34276e-006
4.35556e-006
4.36836e-006
0.000917339
0.000917351
0.000917364
0.000917377
3.6096e-006
3.6224e-006
3.6352e-006
3.648e-006
3.9936e-006
4.0064e-006
4.0192e-006
4.032e-006
4.3008e-006
4.3136e-006
4.3392e-006
4.352e-006
3.5968e-006
3.6096e-006
3.6224e-006
3.6352e-006
3.6736e-006
3.6864e-006
3.6992e-006
3.712e-006
0.000918794
0.000919025
0.000919281
0.000919296
0.000919309
0.000919309
0.000919322
0.000919322
0.000919335
0.000919335
0.000919347
0.000919498
3.5968e-006
3.6096e-006
3.6224e-006
3.6352e-006
3.5968e-006
3.6096e-006
3.6224e-006
3.6352e-006
3.6992e-006
3.712e-006
3.7376e-006
3.7504e-006
0.000919394
0.000919407
0.000923362
0.000923628
0.000924171
0.00234416
0.000924414
0.000924658
0.00234463
0.00234472
0.00453171
0.00110567
0.00110602
0.0011064
0.00110717
3.7888e-006
3.8016e-006
3.8144e-006
3.8272e-006
0.000924236
0.000924249
0.000924262
3.8528e-006
3.8656e-006
3.8912e-006
3.9168e-006
0.000927113
0.000927189
0.000927202
0.000927215
0.000929414
0.000929427
0.000929504
0.000929516
3.4176e-006
3.4304e-006
3.4432e-006
3.456e-006
0.00234583
0.00234599
0.00181486
0.00181929
3.6352e-006
3.648e-006
3.6608e-006
3.6736e-006
0.000934119
0.000934195
0.000934208
0.000934221
0.00187319
3.5968e-006
3.6096e-006
3.6224e-006
3.6352e-006
3.7504e-006
3.776e-006
3.7888e-006
3.8016e-006
0.00188699
3.6224e-006
3.6352e-006
3.648e-006
3.6608e-006
3.66778e-006
3.68058e-006
3.69338e-006
3.70618e-006
0.00340445
0.0034055
0.00219802
0.00219812
3.6096e-006
3.6224e-006
3.6352e-006
3.648e-006
4.48e-006
4.4928e-006
4.5056e-006
4.5184e-006
0.00220557
0.0022066
0.00296143
3.9296e-006
3.9424e-006
3.9552e-006
3.968e-006
0.00147876
0.00147974
0.00147995
0.00148145
0.00172766
3.5968e-006
3.6096e-006
3.6224e-006
3.6352e-006
3.6736e-006
3.6864e-006
3.6992e-006
3.712e-006
3.86746e-006
3.88026e-006
3.89306e-006
3.90586e-006
3.6736e-006
3.6864e-006
3.6992e-006
3.712e-006
0.00348358
3.6096e-006
3.6224e-006
3.6352e-006
3.648e-006
4.4288e-006
4.4416e-006
4.4672e-006
4.48e-006
0.00414183
0.00100489
0.0010059
0.00100623
0.00109057
3.648e-006
3.6608e-006
3.6736e-006
3.6864e-006
3.96218e-006
3.97498e-006
3.98778e-006
4.00058e-006
4.00314e-006
4.01594e-006
4.02874e-006
4.04154e-006
0.00101458
0.00345917
0.00345925
0.00346157
0.00388537
4.28645e-006
4.29925e-006
4.31205e-006
4.32485e-006
0.00175621
0.000951742
0.000952004
0.000952254
0.000952495
3.50394e-006
3.51674e-006
3.52954e-006
3.54234e-006
0.00283132
0.00283384
0.00283391
0.00095554
0.000955553
0.000955578
0.000955604
0.00316994
3.5968e-006
3.6096e-006
3.6224e-006
3.6352e-006
3.7504e-006
3.7632e-006
3.776e-006
3.7888e-006
4.29669e-006
4.30949e-006
4.32229e-006
4.33509e-006
4.74981e-006
4.76261e-006
4.77541e-006
4.78821e-006
0.000959028
0.000959041
0.000959054
0.000959067
3.4432e-006
3.456e-006
3.4688e-006
3.4816e-006
3.6736e-006
3.6864e-006
3.6992e-006
3.712e-006
0.00298672
3.648e-006
3.6608e-006
3.6736e-006
3.6864e-006
4.32314e-006
4.34874e-006
4.36154e-006
4.38714e-006
0.00326536
3.5968e-006
3.6096e-006
3.6224e-006
3.6352e-006
4.0704e-006
4.0832e-006
4.096e-006
4.1216e-006
3.6224e-006
3.6352e-006
3.648e-006
3.6608e-006
0.00173206
4.1472e-006
4.1728e-006
4.1856e-006
4.1984e-006
0.0016466
0.00147014
0.0016482
0.00164821
0.000968801
0.000968981
0.00096916
0.000969316
0.00165289
0.00147876
0.00393972
0.00394036
3.6096e-006
3.6224e-006
3.6352e-006
3.648e-006
0.00179233
0.00179283
0.00179361
0.00097138
0.000971457
0.00097147
0.000971483
0.00301972
3.6736e-006
3.6864e-006
3.6992e-006
3.712e-006
3.85722e-006
3.87002e-006
3.88282e-006
3.89562e-006
4.11322e-006
4.12602e-006
4.13882e-006
4.15162e-006
3.60805e-006
3.62085e-006
3.63365e-006
3.64645e-006
0.000973973
0.000974049
0.000974062
0.000974075
0.00270531
3.63792e-006
3.65072e-006
3.66352e-006
3.67632e-006
4.40336e-006
4.41616e-006
4.42896e-006
4.44176e-006
0.00290289
0.00290352
3.5968e-006
3.6096e-006
3.6224e-006
3.6352e-006
3.9552e-006
3.968e-006
3.9808e-006
3.9936e-006
0.000976393
0.000976405
0.000976418
3.64133e-006
3.65413e-006
3.66693e-006
3.67973e-006
3.73605e-006
3.74885e-006
3.76165e-006
3.77445e-006
0.00245701
0.00098377
0.000983885
0.000983949
0.000983962
0.000983975
0.000983987
0.00304567
0.000984128
0.0024587
0.000984307
0.0024605
0.00246097
0.00246105
3.70192e-006
3.71472e-006
3.72752e-006
3.74032e-006
0.00304853
0.00107932
0.0010794
0.00107941
4.0064e-006
4.01339e-006
4.0192e-006
4.02619e-006
4.03898e-006
4.0448e-006
4.05178e-006
4.0576e-006
0.000986256
0.000986269
0.000986282
0.000986308
6.7584e-006
6.7712e-006
6.784e-006
6.7968e-006
6.8096e-006
6.8224e-006
6.8352e-006
6.848e-006
3.5968e-006
3.6096e-006
3.6224e-006
3.6352e-006
0.00253371
0.00253397
0.00253404
0.000991701
0.000991713
0.000991726
0.000991739
0.00358819
0.00307083
3.53211e-006
3.54491e-006
3.55771e-006
3.57051e-006
3.77787e-006
3.79067e-006
3.80347e-006
3.81627e-006
0.000991953
0.000991966
0.000991992
0.0057315
0.00314366
3.6096e-006
3.6224e-006
3.6352e-006
3.648e-006
0.00119163
0.00119182
0.00119189
0.00119197
0.00193098
0.00193159
0.00193228
0.00170206
0.00276708
0.0027672
0.00156598
0.000996022
0.000996086
0.000996099
0.000996099
0.000996111
0.000996111
0.000996124
0.000996124
0.00392181
0.0039222
3.81883e-006
3.83163e-006
3.84443e-006
3.85723e-006
3.87259e-006
3.88539e-006
3.89819e-006
3.91099e-006
0.00392312
4.60389e-006
4.61669e-006
4.62949e-006
4.64229e-006
0.00100177
0.00100178
0.0010018
4.50832e-006
4.52112e-006
4.53392e-006
4.55952e-006
0.00171583
0.00100604
0.00100606
0.00100607
0.00100608
3.6608e-006
3.6736e-006
3.6864e-006
3.6992e-006
0.00369371
0.00364013
0.00100591
0.00100592
0.00100593
0.00100595
0.00369661
0.00364318
0.00172122
4.11664e-006
4.12944e-006
4.14224e-006
4.15504e-006
0.00102969
0.00120881
0.00121013
0.00100818
0.00100825
0.00100827
0.00100828
0.00317041
0.00281651
4.2583e-006
4.2839e-006
4.2967e-006
4.3223e-006
0.00314565
0.001168
0.00116809
0.00282054
0.00117113
0.00513099
0.00117206
0.00237627
0.00317195
3.5968e-006
3.6096e-006
3.6224e-006
3.6352e-006
4.34278e-006
4.35558e-006
4.38118e-006
4.39398e-006
4.7319e-006
4.7575e-006
4.7831e-006
4.8087e-006
0.00316182
0.00316222
0.00319391
0.00111227
0.00118199
0.00101955
0.00101959
0.00101961
0.00101962
0.00101963
0.00101963
0.00101964
0.00101965
0.00115206
0.00188421
0.00188517
3.5968e-006
3.6096e-006
3.6224e-006
3.6352e-006
3.73606e-006
3.74886e-006
3.76166e-006
3.77446e-006
0.00189015
0.00318009
0.00318264
0.00377097
0.00318446
4.60817e-006
4.62096e-006
4.63376e-006
4.65936e-006
0.00377892
3.6096e-006
3.6096e-006
3.6224e-006
3.6224e-006
3.6352e-006
3.6352e-006
3.648e-006
3.648e-006
0.00310494
0.00310565
3.6224e-006
3.6352e-006
3.648e-006
3.6608e-006
3.6608e-006
3.6736e-006
3.6864e-006
3.6992e-006
0.001029
0.00102901
0.00102902
0.00102903
0.00103174
0.0010323
0.00103238
0.00103239
0.00103241
3.6224e-006
3.6352e-006
3.648e-006
3.6608e-006
4.0064e-006
4.0192e-006
4.032e-006
4.0448e-006
0.0019045
0.00461544
3.6864e-006
3.6992e-006
3.712e-006
3.7248e-006
0.00161495
3.4304e-006
3.4432e-006
3.4432e-006
3.456e-006
3.456e-006
3.4688e-006
3.4688e-006
3.4816e-006
4.34449e-006
4.35729e-006
4.37009e-006
4.38289e-006
0.00124441
3.6096e-006
3.6224e-006
3.6352e-006
3.648e-006
0.00124738
0.00124778
0.00125129
3.5968e-006
3.6096e-006
3.6096e-006
3.6224e-006
3.6224e-006
3.6352e-006
3.6352e-006
3.648e-006
0.00191411
0.00191502
3.5968e-006
3.6096e-006
3.6224e-006
3.6352e-006
0.00191531
0.00191544
0.00225892
0.0022596
0.00225989
0.00124979
0.0022604
0.00125061
0.00323825
4.31547e-006
4.32827e-006
4.34107e-006
4.35387e-006
0.00104596
0.00104598
0.00104599
0.00104601
4.90342e-006
4.91622e-006
4.92902e-006
4.94182e-006
0.0010486
0.00104861
0.00358867
0.00211699
4.11921e-006
4.13201e-006
4.14481e-006
4.15761e-006
0.00349773
3.4432e-006
3.456e-006
3.4688e-006
3.4816e-006
3.6224e-006
3.6352e-006
3.648e-006
3.6608e-006
3.72156e-006
3.73436e-006
3.74716e-006
3.75996e-006
4.05948e-006
4.07228e-006
4.09532e-006
4.09788e-006
4.10812e-006
4.12092e-006
4.12348e-006
4.13372e-006
0.00326795
0.00326811
0.00326843
0.00326852
0.00350482
4.3136e-006
4.3264e-006
4.3392e-006
4.352e-006
0.00105596
3.52e-006
3.5328e-006
3.5456e-006
3.5584e-006
3.6736e-006
3.6864e-006
3.6992e-006
3.712e-006
4.992e-006
5.0048e-006
5.0176e-006
5.0304e-006
0.00126087
0.00105857
0.00105865
0.00105866
0.00105867
0.00105955
0.00503329
0.00106019
0.00106036
0.00106054
0.00106116
0.00106139
0.00106165
0.00484374
0.00106188
0.0012675
0.00383538
0.00127056
0.00127076
3.60038e-006
3.61318e-006
3.62598e-006
3.63878e-006
3.6864e-006
3.6992e-006
3.712e-006
3.7248e-006
0.00384708
0.0038477
0.00106369
0.0010637
0.00106371
3.46129e-006
3.47409e-006
3.49969e-006
3.51249e-006
3.648e-006
3.6608e-006
3.6736e-006
3.6864e-006
4.1216e-006
4.1344e-006
4.1472e-006
4.1728e-006
0.00384256
0.00384266
0.00384284
0.00106666
3.72668e-006
3.73948e-006
3.75228e-006
3.76508e-006
0.00385878
0.00106581
0.00106583
0.00106586
0.00106589
0.00127141
3.89991e-006
3.91271e-006
3.9383e-006
3.9511e-006
0.00295436
0.00363947
0.00128431
3.7504e-006
3.7632e-006
3.78129e-006
3.7888e-006
3.79409e-006
3.8016e-006
3.80689e-006
3.81969e-006
4.032e-006
4.0448e-006
4.0576e-006
4.0704e-006
0.0027376
0.00267446
0.00267473
0.0033203
0.00332039
3.6736e-006
3.6864e-006
3.6992e-006
3.712e-006
0.00107323
0.00107347
0.00107369
0.0010739
0.00194869
0.00194954
0.00332863
0.00195024
0.00195113
3.84871e-006
3.86151e-006
3.87431e-006
3.88711e-006
0.0021536
0.00215919
0.00215952
3.8016e-006
3.8144e-006
3.8272e-006
3.84e-006
4.0576e-006
4.0704e-006
4.0832e-006
4.096e-006
0.00336629
0.00336662
0.00121119
0.00121187
0.00259183
0.00259367
0.00259421
0.00259428
3.64391e-006
3.65671e-006
3.66951e-006
3.68231e-006
3.73607e-006
3.74887e-006
3.76167e-006
3.77447e-006
0.00122085
0.00271365
0.00108098
0.00108099
0.001081
0.00108101
0.00108101
0.00108102
0.00108103
0.00108104
0.00108318
0.00108327
0.00108335
0.00108344
0.00300208
0.00271654
3.66524e-006
3.67804e-006
3.69084e-006
3.70364e-006
3.7248e-006
3.7376e-006
3.7504e-006
3.7632e-006
3.3792e-006
3.392e-006
3.4048e-006
3.4176e-006
3.4688e-006
3.4816e-006
3.4944e-006
3.5072e-006
3.5968e-006
3.6096e-006
3.6224e-006
3.6352e-006
3.97415e-006
3.98695e-006
3.99975e-006
4.01255e-006
4.1344e-006
4.1472e-006
4.16e-006
4.1856e-006
0.00272363
0.00272414
0.00108706
0.00108721
0.00108734
0.0010875
0.00122464
0.00121843
3.5968e-006
3.6096e-006
3.6224e-006
3.6352e-006
0.00198628
0.00338296
0.00122581
0.00453064
0.0012282
0.00218551
0.00218599
0.00196921
0.0044288
0.00567405
0.00498372
0.00201276
0.00201301
0.00201346
0.00109453
0.00109469
0.00109488
0.00109511
0.00501305
3.7248e-006
3.7376e-006
3.7504e-006
3.7632e-006
3.84e-006
3.8528e-006
3.8656e-006
3.8784e-006
4.4614e-006
4.487e-006
4.4998e-006
4.5126e-006
3.6608e-006
3.6736e-006
3.6864e-006
3.6992e-006
4.74898e-006
4.76178e-006
4.77458e-006
4.78738e-006
0.00325919
0.00326218
3.5968e-006
3.6096e-006
3.6224e-006
3.6352e-006
0.00110583
0.0011059
0.00110592
0.00110593
3.94599e-006
3.95879e-006
3.97159e-006
3.98439e-006
4.35559e-006
4.38119e-006
4.39399e-006
4.40679e-006
0.00343247
0.00407946
0.00505107
0.00110589
0.00110597
0.00110598
0.00110599
3.5968e-006
3.6096e-006
3.6224e-006
3.6352e-006
0.00455717
4.0064e-006
4.032e-006
4.0448e-006
4.0576e-006
0.00282444
0.00282461
0.00282471
0.0034665
0.00346651
0.00346739
3.3792e-006
3.392e-006
3.4048e-006
3.4176e-006
3.5968e-006
3.6096e-006
3.6224e-006
3.6352e-006
3.95879e-006
3.97159e-006
3.98439e-006
3.99719e-006
0.00188826
0.00188835
0.00111099
0.00111113
0.00111132
0.00111182
0.0011123
0.00111246
0.00111263
0.00111281
0.00454141
0.00287634
0.00189972
0.00111234
0.00111236
0.00111237
0.00190562
0.00111545
0.00111546
0.00111547
0.00190805
0.00410245
0.00189835
0.00189918
3.84e-006
3.8784e-006
3.8912e-006
3.904e-006
4.40167e-006
4.41447e-006
4.42727e-006
4.44007e-006
0.00191137
3.83762e-006
3.85042e-006
3.86322e-006
3.87602e-006
4.0192e-006
4.032e-006
4.0448e-006
4.0704e-006
0.00405346
0.00176103
0.00176165
0.00192594
0.00405932
0.00112251
0.00112252
0.00112254
0.00112255
3.6096e-006
3.6224e-006
3.6352e-006
3.648e-006
0.00443846
0.0013468
0.00134772
0.00419321
3.64904e-006
3.67463e-006
3.6864e-006
3.68743e-006
3.6992e-006
3.70024e-006
3.712e-006
3.7248e-006
4.352e-006
4.3648e-006
4.3776e-006
4.3904e-006
0.00291334
0.00291475
6.8608e-006
6.8736e-006
6.8864e-006
6.8992e-006
6.912e-006
6.9248e-006
6.9376e-006
6.9504e-006
0.00291551
0.00113057
0.00113059
0.0011306
0.00113062
0.00113063
0.00113065
0.00113066
0.00113067
0.00272905
0.00113269
0.00113277
0.00113278
0.00113279
3.6096e-006
3.6224e-006
3.6352e-006
3.648e-006
0.00411115
0.00504102
0.00113627
0.00113635
0.00113636
0.00113637
3.6096e-006
3.6224e-006
3.6352e-006
3.6352e-006
3.648e-006
3.648e-006
3.6608e-006
3.6736e-006
0.00127262
3.5968e-006
3.6096e-006
3.6224e-006
3.6352e-006
4.35986e-006
4.37266e-006
4.38546e-006
4.41106e-006
0.00127784
3.648e-006
3.6608e-006
3.6736e-006
3.6864e-006
0.00114028
0.00114029
0.0011403
0.00114031
0.00114086
0.00114102
0.00114122
0.0011414
3.6096e-006
3.6096e-006
3.6224e-006
3.6224e-006
3.6352e-006
3.6352e-006
3.648e-006
3.648e-006
0.00114289
0.0011429
0.00114291
0.00114293
0.00114341
0.00114342
0.00114343
0.00114346
0.0038803
3.3792e-006
3.392e-006
3.4048e-006
3.4176e-006
3.5968e-006
3.5968e-006
3.6096e-006
3.6096e-006
3.6096e-006
3.6224e-006
3.6224e-006
3.6224e-006
3.6224e-006
3.6352e-006
3.6352e-006
3.6352e-006
3.6352e-006
3.648e-006
3.648e-006
3.6608e-006
3.7248e-006
3.7376e-006
3.7504e-006
3.7632e-006
4.22162e-006
4.23442e-006
4.24722e-006
4.26002e-006
0.0011455
0.00114552
0.00114553
0.00114554
0.00389121
0.00318085
0.00318162
3.6608e-006
3.6736e-006
3.6864e-006
3.6992e-006
0.00276431
0.00424021
0.0041465
0.00195187
0.00195363
3.68061e-006
3.69341e-006
3.70621e-006
3.71901e-006
0.00358128
4.1984e-006
4.2112e-006
4.224e-006
4.2368e-006
4.3008e-006
4.3136e-006
4.3264e-006
4.352e-006
4.52456e-006
4.53736e-006
4.55016e-006
4.56296e-006
0.00115441
0.00115442
0.00115445
0.00115447
0.00115448
0.00115449
0.0011545
0.00115453
0.00184523
0.00184542
0.0018455
3.5072e-006
3.52e-006
3.5328e-006
3.5456e-006
3.6096e-006
3.6224e-006
3.6352e-006
3.648e-006
3.9296e-006
3.9424e-006
3.9552e-006
3.968e-006
0.0011582
0.00115828
0.00115829
0.0011583
0.00115867
0.00115868
0.0011587
0.00115871
0.00115966
0.0011597
0.00115981
0.00115981
0.00115989
0.0011599
0.00115991
0.00394551
4.1344e-006
4.1472e-006
4.16e-006
4.1728e-006
0.00552074
0.00313298
0.0011644
0.00116441
4.35133e-006
4.36413e-006
4.37693e-006
4.38973e-006
4.04584e-006
4.05864e-006
4.07144e-006
4.08424e-006
0.00116654
4.3392e-006
4.3776e-006
4.4032e-006
4.416e-006
0.00554807
3.968e-006
3.9808e-006
3.9936e-006
4.0192e-006
0.00211853
3.55688e-006
3.56968e-006
3.58248e-006
3.59528e-006
3.6004e-006
3.6132e-006
3.626e-006
3.6388e-006
3.72072e-006
3.73352e-006
3.74632e-006
3.75912e-006
4.03048e-006
4.04328e-006
4.05608e-006
4.06888e-006
0.0013982
0.00139838
0.00695867
0.00293583
3.6608e-006
3.6736e-006
3.6864e-006
3.6992e-006
3.8016e-006
3.8144e-006
3.84e-006
3.8528e-006
0.00235739
3.5968e-006
3.6096e-006
3.6224e-006
3.6352e-006
4.99048e-006
5.00328e-006
5.01608e-006
5.02888e-006
0.00283328
4.09107e-006
4.12947e-006
4.14227e-006
4.15507e-006
5.06131e-006
5.07411e-006
5.09971e-006
5.11251e-006
0.00118014
0.00118015
0.00118016
0.00118017
0.00430186
0.00430251
0.00374277
0.00434401
0.00430313
0.00374361
0.00217471
0.00430469
0.00366306
4.0576e-006
4.0704e-006
4.096e-006
4.1088e-006
0.00374515
0.00374629
0.00132069
3.3792e-006
3.392e-006
3.4048e-006
3.4176e-006
3.5072e-006
3.5328e-006
3.5456e-006
3.5584e-006
3.776e-006
3.7888e-006
3.8016e-006
3.8272e-006
0.00284518
0.00118165
0.00118173
0.00118199
0.00118207
0.00118536
0.00118537
0.00118539
0.00285519
0.00118788
0.00118796
0.00118797
0.00118799
3.61918e-006
3.63198e-006
3.64478e-006
3.65758e-006
0.00133636
0.00133787
0.00119049
0.00119056
0.00119058
0.00119059
0.00119244
0.00119245
0.00119246
0.00119248
0.00286199
0.00406745
0.00133828
0.00133978
3.648e-006
3.6608e-006
3.6736e-006
3.6864e-006
0.0011926
0.00119261
0.00119262
0.00119264
4.1472e-006
4.16e-006
4.1728e-006
4.1856e-006
4.60734e-006
4.64574e-006
4.67134e-006
4.69694e-006
0.00119576
3.3792e-006
3.392e-006
3.4048e-006
3.4176e-006
3.8144e-006
3.8272e-006
3.84e-006
3.8528e-006
4.68841e-006
4.72681e-006
4.73961e-006
4.76521e-006
0.0028776
0.00138094
0.00570233
0.00119983
0.00119984
0.00119986
0.00119987
3.70622e-006
3.71902e-006
3.73182e-006
3.74462e-006
0.00332891
0.00472747
3.5968e-006
3.6096e-006
3.6224e-006
3.6352e-006
3.71817e-006
3.73097e-006
3.74377e-006
3.75657e-006
4.66281e-006
4.67561e-006
4.68841e-006
4.70121e-006
3.6864e-006
3.6992e-006
3.712e-006
3.7248e-006
4.06291e-006
4.07571e-006
4.08851e-006
4.10131e-006
0.0012082
0.00120843
0.00120868
0.0012089
0.00475539
0.00242184
0.00120759
0.0012076
0.00120761
0.00120763
0.00134742
0.00134792
0.00134819
0.00134938
3.63113e-006
3.64393e-006
3.65673e-006
3.66953e-006
3.6992e-006
3.712e-006
3.7248e-006
3.7376e-006
3.7504e-006
3.776e-006
3.7888e-006
3.8144e-006
0.00135233
3.3792e-006
3.392e-006
3.4048e-006
3.4176e-006
3.9168e-006
3.9296e-006
3.9424e-006
3.9552e-006
3.6096e-006
3.6224e-006
3.6352e-006
3.648e-006
3.50569e-006
3.51849e-006
3.53129e-006
3.54409e-006
3.5968e-006
3.6096e-006
3.6224e-006
3.6352e-006
3.68489e-006
3.69769e-006
3.71049e-006
3.72329e-006
3.79497e-006
3.82057e-006
3.83337e-006
3.84617e-006
3.6608e-006
3.6736e-006
3.6864e-006
3.6992e-006
5.77556e-006
5.78836e-006
5.82676e-006
5.83956e-006
0.00122123
0.00478476
0.00122124
0.00122125
0.00122133
0.00414333
0.00136058
0.00136104
0.00136179
0.00244653
3.5968e-006
3.6096e-006
3.6224e-006
3.6352e-006
3.76169e-006
3.77449e-006
3.78729e-006
3.80009e-006
0.00481282
0.00122309
0.00122311
3.6736e-006
3.6864e-006
3.6992e-006
3.712e-006
3.8784e-006
3.8912e-006
3.904e-006
3.9168e-006
0.0014547
0.00145496
0.00145592
0.00145743
0.00122581
0.00122583
0.00122584
0.00122585
0.00245587
3.6096e-006
3.6224e-006
3.6352e-006
3.648e-006
3.6736e-006
3.6864e-006
3.6992e-006
3.712e-006
3.9424e-006
3.9552e-006
3.9808e-006
3.9936e-006
3.6992e-006
3.712e-006
3.7248e-006
3.7376e-006
3.7376e-006
3.7504e-006
3.7632e-006
3.776e-006
3.98697e-006
3.99977e-006
4.02537e-006
4.03817e-006
0.00442914
0.0053733
0.00511957
0.00122952
0.0012297
0.00122988
0.00123006
3.712e-006
3.7248e-006
3.7376e-006
3.7504e-006
0.00224492
0.00224546
0.00445199
4.2624e-006
4.288e-006
4.3136e-006
4.3264e-006
0.002249
0.00224909
0.00224954
0.00224963
0.00372763
3.3792e-006
3.392e-006
3.4048e-006
3.4176e-006
0.00541773
3.5968e-006
3.6096e-006
3.6224e-006
3.6352e-006
0.00295343
4.43156e-006
4.44436e-006
4.45716e-006
4.46996e-006
0.00123659
0.00123667
0.00123668
0.0012367
0.00123768
0.00123771
0.00123966
0.00123974
0.00123989
0.00147281
0.00147301
0.00147355
0.00147375
3.5968e-006
3.6096e-006
3.6224e-006
0.00344426
3.6352e-006
0.00315216
0.00315236
0.00315489
0.00505333
0.00505412
0.00505441
0.00505516
3.94345e-006
3.95625e-006
3.96905e-006
3.98185e-006
0.00387715
3.6608e-006
3.6736e-006
3.6864e-006
3.6992e-006
0.00211495
0.00211745
0.00368072
0.00368105
0.00312341
0.00312427
0.00312442
0.00425468
0.00140374
0.0014053
3.7376e-006
3.7504e-006
3.7632e-006
3.776e-006
4.1088e-006
4.1216e-006
4.1472e-006
4.16e-006
0.00125128
0.00125133
0.00125136
0.00125136
0.00125137
0.00125137
0.00125138
0.00125138
3.64649e-006
3.65929e-006
3.6721e-006
3.68489e-006
3.7888e-006
3.8016e-006
3.8144e-006
3.8272e-006
0.00395439
0.00391719
0.00391868
0.0039193
3.6224e-006
3.6352e-006
3.648e-006
3.6608e-006
0.00392531
0.00125594
0.00125601
0.00125602
0.00125603
0.00125604
0.00125605
0.00125605
0.00125608
0.00125848
0.0012585
0.00125853
0.00125855
3.7376e-006
3.7504e-006
3.7632e-006
3.776e-006
3.776e-006
3.7888e-006
3.8016e-006
3.8144e-006
4.2752e-006
4.288e-006
4.3136e-006
4.3392e-006
4.42303e-006
4.43583e-006
4.44863e-006
4.46143e-006
0.00149977
0.00398498
0.0039872
3.47498e-006
3.48778e-006
3.50058e-006
3.51338e-006
3.5968e-006
3.6096e-006
3.6224e-006
3.6352e-006
0.00456563
0.00151027
3.5968e-006
3.6096e-006
3.6224e-006
3.6352e-006
0.00140845
0.00526007
3.84e-006
3.8528e-006
3.8656e-006
3.8912e-006
0.0045935
0.00459397
0.00391884
0.00142112
3.6224e-006
3.63114e-006
3.6352e-006
3.64394e-006
3.648e-006
3.65674e-006
3.6608e-006
3.66954e-006
3.75402e-006
3.76682e-006
3.77962e-006
3.79242e-006
3.89226e-006
3.90506e-006
3.91786e-006
3.93066e-006
0.00393812
0.00394021
0.00126727
0.00126735
0.00126736
0.00126737
3.9938e-006
4.0066e-006
4.0194e-006
4.0322e-006
0.00466702
3.3792e-006
3.392e-006
3.4048e-006
3.4176e-006
3.5968e-006
3.6096e-006
3.6224e-006
3.6352e-006
0.00467414
0.00467473
0.00126913
0.00126921
0.00126922
0.00126923
0.00127287
0.00127288
0.00127289
0.00127291
3.5968e-006
3.6096e-006
3.6224e-006
3.6352e-006
3.7888e-006
3.8016e-006
3.8272e-006
3.84e-006
0.00146843
0.00564387
0.0039678
0.00396849
0.00126873
0.00126874
0.00126875
0.00126876
3.5968e-006
3.6096e-006
3.6224e-006
3.6352e-006
0.00320619
0.00216023
0.00532816
3.648e-006
3.6736e-006
3.6864e-006
3.6992e-006
3.77962e-006
3.79242e-006
3.80522e-006
3.81802e-006
0.00138583
0.0012769
0.00127698
0.00127699
0.001277
0.00128037
0.00128039
0.0012804
0.00128041
0.00128042
0.00128044
0.00128045
0.00128046
0.0021742
0.00217489
4.00917e-006
4.03477e-006
4.04757e-006
4.06037e-006
0.00128266
0.00128268
0.00128269
0.0012827
0.00128365
0.00128366
0.00128368
0.00128375
0.00218943
0.00142148
0.00142244
3.3792e-006
3.392e-006
3.4048e-006
3.4176e-006
3.9296e-006
3.9552e-006
3.968e-006
3.9808e-006
0.00128399
0.00473829
0.00128407
0.00128407
0.00128408
0.00128408
0.00128409
0.00473844
0.00473881
3.84021e-006
3.85301e-006
3.86581e-006
3.87861e-006
3.9552e-006
3.968e-006
3.9808e-006
3.9936e-006
0.00355705
3.85983e-006
3.87263e-006
3.88543e-006
3.91103e-006
3.5968e-006
3.6096e-006
3.6224e-006
3.6352e-006
0.003977
3.904e-006
3.9168e-006
3.9424e-006
3.9552e-006
0.0014378
0.00143848
0.00356841
0.00356856
0.00356872
0.00143925
0.00128926
0.00128929
0.0012893
0.00128932
0.00398009
0.00357086
0.0035711
0.00129298
0.00129306
0.00129307
0.00129308
0.00144889
3.58677e-006
3.59957e-006
3.61237e-006
3.62517e-006
3.7376e-006
3.7504e-006
3.7632e-006
3.776e-006
0.00590373
0.0044134
3.6864e-006
3.6992e-006
3.712e-006
3.7376e-006
0.00358109
0.0044146
3.6096e-006
3.6224e-006
3.6352e-006
3.648e-006
3.76341e-006
3.77621e-006
3.80181e-006
3.81461e-006
4.27797e-006
4.29077e-006
4.31637e-006
4.32917e-006
0.00326429
0.00326524
3.6224e-006
3.6352e-006
3.648e-006
0.00326681
3.6608e-006
0.00326728
0.0028208
0.00260498
0.00220913
0.00221164
0.00221236
0.00221397
0.00261804
3.5968e-006
3.6096e-006
3.6224e-006
3.6352e-006
3.7376e-006
3.7504e-006
3.7632e-006
3.776e-006
3.95285e-006
3.96565e-006
3.97845e-006
3.99125e-006
0.00130788
0.00130789
0.0013079
0.00130791
0.00130791
0.00130792
0.00130793
0.00130794
3.5968e-006
3.6096e-006
3.6224e-006
3.6352e-006
0.00131026
0.00131027
0.00131028
0.0013103
3.776e-006
3.7888e-006
3.8144e-006
3.84e-006
0.00532926
0.00533096
0.00237191
0.00147493
3.64138e-006
3.65418e-006
3.66699e-006
3.67979e-006
3.7888e-006
3.8016e-006
3.8144e-006
3.8272e-006
0.00482544
0.00148148
3.5968e-006
3.6096e-006
3.6224e-006
3.6352e-006
0.00148153
0.00148394
0.00148424
0.00548487
0.00148462
0.00484451
3.5968e-006
3.6096e-006
3.6224e-006
3.6224e-006
3.6352e-006
3.6352e-006
3.648e-006
3.6608e-006
3.8784e-006
3.8912e-006
3.904e-006
3.9168e-006
0.00628834
0.00628935
3.5968e-006
3.6096e-006
3.6224e-006
3.6352e-006
0.00486887
0.00317747
0.00317793
3.5968e-006
3.6096e-006
3.6224e-006
3.6352e-006
3.6608e-006
3.6736e-006
3.6864e-006
3.6992e-006
3.5968e-006
3.6096e-006
3.6096e-006
3.6224e-006
3.6224e-006
3.6352e-006
3.6352e-006
3.648e-006
3.648e-006
3.6608e-006
3.6736e-006
3.6864e-006
3.72075e-006
3.73355e-006
3.74635e-006
3.75915e-006
3.4432e-006
3.456e-006
3.4688e-006
3.4816e-006
0.00132934
0.00132935
0.00132936
0.00540232
0.0054041
3.6352e-006
3.648e-006
3.6608e-006
3.6736e-006
3.776e-006
3.7888e-006
3.8016e-006
3.8144e-006
4.29248e-006
4.30528e-006
4.31808e-006
4.33088e-006
0.00133363
0.00133364
0.00133366
0.00133369
0.00133379
0.00133381
0.00133384
0.00133387
0.00133388
0.00133389
0.00133399
0.00133417
0.00158304
0.00158311
0.00158312
0.0015832
3.67211e-006
3.68491e-006
3.69771e-006
3.71051e-006
4.73451e-006
4.74731e-006
4.76011e-006
4.77291e-006
3.97078e-006
3.98358e-006
3.99638e-006
4.00917e-006
4.032e-006
4.0448e-006
4.0576e-006
4.0704e-006
0.0049183
6.56064e-006
6.58624e-006
6.62464e-006
6.65024e-006
6.82944e-006
6.84224e-006
6.85504e-006
6.86784e-006
0.00133867
0.00133869
0.0013387
3.4048e-006
3.4176e-006
3.4304e-006
3.4432e-006
3.69771e-006
3.71051e-006
3.72331e-006
3.73611e-006
0.00483757
0.00483773
3.6864e-006
3.6992e-006
3.712e-006
3.7504e-006
4.1423e-006
4.1551e-006
4.1679e-006
4.1807e-006
3.6736e-006
3.6864e-006
3.6992e-006
3.712e-006
3.776e-006
3.7888e-006
3.8016e-006
3.8144e-006
3.6224e-006
3.6352e-006
3.648e-006
3.6608e-006
0.00449011
0.00135168
0.00135171
0.00135172
0.00135174
0.00243985
0.00347887
3.6864e-006
3.6992e-006
3.712e-006
3.7248e-006
4.62443e-006
4.63723e-006
4.65003e-006
4.66283e-006
0.00372284
0.00373055
3.6224e-006
3.6352e-006
3.648e-006
3.6608e-006
3.8144e-006
3.8272e-006
3.8272e-006
3.84e-006
3.8528e-006
3.8528e-006
3.8656e-006
3.8912e-006
0.00346339
0.00422979
0.00422991
0.00422999
0.0042301
0.00342669
0.00135471
0.00135473
0.00135474
0.00135475
0.00344124
3.4432e-006
3.456e-006
3.4688e-006
3.4816e-006
0.00534409
0.001532
3.46134e-006
3.47414e-006
3.48694e-006
3.49974e-006
0.0013641
0.00136412
0.00136413
0.00136414
3.6352e-006
3.648e-006
3.6608e-006
3.6736e-006
4.08513e-006
4.09793e-006
4.11073e-006
4.12353e-006
0.0013667
0.00136671
0.00136672
0.00136674
0.00273426
3.6736e-006
3.6864e-006
3.6992e-006
3.712e-006
0.00295174
0.00295196
0.00293861
0.00293868
0.00294144
0.00136634
0.00136634
0.00136635
0.00136635
0.00136636
0.00136636
0.00136638
0.00136947
0.00136964
0.00136982
0.00136999
0.0029538
0.00497948
0.00497956
0.0049801
0.0027457
0.00274806
3.3792e-006
3.392e-006
3.4048e-006
3.4176e-006
3.5968e-006
3.6096e-006
3.6224e-006
3.6352e-006
0.0016196
0.0016198
3.4432e-006
3.456e-006
3.4688e-006
3.4816e-006
0.00276429
0.00163251
0.00137502
0.00137503
0.00137504
0.00137506
3.6608e-006
3.6736e-006
3.6864e-006
3.6992e-006
0.0042817
3.6096e-006
3.6224e-006
3.6352e-006
3.648e-006
0.00138024
0.00138025
0.00138026
0.00138028
3.85729e-006
3.87009e-006
3.88289e-006
3.89569e-006
3.9168e-006
3.9296e-006
3.9424e-006
3.968e-006
3.3792e-006
3.392e-006
3.4048e-006
3.4176e-006
0.00138261
0.00138268
0.0013827
0.00138271
3.904e-006
3.9168e-006
3.9296e-006
3.9424e-006
0.00352356
0.00352407
0.00352438
0.00352483
0.0013852
0.00138528
0.00138529
0.00138531
3.6096e-006
3.6224e-006
3.6352e-006
3.648e-006
3.88716e-006
3.89996e-006
3.91276e-006
3.92556e-006
0.00340796
0.00502267
3.6352e-006
3.648e-006
3.6608e-006
3.6736e-006
4.12097e-006
4.13377e-006
4.14657e-006
4.15937e-006
0.00436337
3.776e-006
3.7888e-006
3.8016e-006
3.8272e-006
3.776e-006
3.7888e-006
3.8016e-006
3.8144e-006
0.00583145
3.6096e-006
3.6224e-006
3.6352e-006
3.648e-006
3.9168e-006
3.9296e-006
3.9424e-006
3.9552e-006
0.00351527
0.00708015
0.00621028
0.00621582
3.6224e-006
3.6224e-006
3.6352e-006
3.6352e-006
3.648e-006
3.648e-006
3.6608e-006
3.6608e-006
3.8144e-006
3.84e-006
3.8656e-006
3.8784e-006
0.00621729
4.096e-006
4.1088e-006
4.1216e-006
4.1344e-006
0.00669475
0.00669483
0.00669515
0.00669523
3.3792e-006
3.392e-006
3.4048e-006
3.4176e-006
3.5968e-006
3.6096e-006
3.6224e-006
3.6352e-006
3.7632e-006
3.776e-006
3.7888e-006
3.8016e-006
4.032e-006
4.0448e-006
4.0576e-006
4.0704e-006
4.1728e-006
4.1856e-006
4.2112e-006
4.224e-006
0.00223628
0.00140544
0.00140545
0.00140546
0.00140548
3.456e-006
3.4688e-006
3.4816e-006
3.4944e-006
3.5968e-006
3.6096e-006
3.6224e-006
3.6352e-006
3.5968e-006
3.6096e-006
3.6096e-006
3.6224e-006
3.6224e-006
3.6352e-006
3.6352e-006
3.648e-006
3.81207e-006
3.82487e-006
3.83767e-006
3.85047e-006
0.0028354
0.00359409
3.648e-006
3.6608e-006
3.6736e-006
3.6864e-006
4.05356e-006
4.06636e-006
4.07916e-006
4.09196e-006
0.00625961
0.00141322
0.00141323
0.00141323
0.00141324
0.00141325
0.00141325
0.00141327
0.00626026
0.0062609
3.6864e-006
3.6992e-006
3.712e-006
3.7248e-006
0.00672659
0.00141958
0.00141961
0.00141962
3.65762e-006
3.67041e-006
3.68321e-006
3.69602e-006
0.00438941
0.00363284
0.00363454
0.0063004
0.00634398
0.00634432
0.00141855
0.00141856
0.00141858
0.00141859
0.00142031
0.00142032
0.00142033
0.00142034
0.00340234
3.3792e-006
3.392e-006
3.4048e-006
3.4176e-006
3.6096e-006
3.6224e-006
3.6352e-006
3.648e-006
3.7248e-006
3.7504e-006
3.7632e-006
3.776e-006
0.00142404
0.00142405
0.00142406
0.00142408
0.00340383
0.00676534
3.84e-006
3.8528e-006
3.8656e-006
3.8784e-006
0.00307698
0.00307791
0.00638368
0.00359265
0.00359321
0.00359328
0.00359405
3.6096e-006
3.6224e-006
3.6352e-006
3.648e-006
3.9296e-006
3.9424e-006
3.9552e-006
3.968e-006
0.00263502
0.00263627
3.8272e-006
3.84e-006
3.8528e-006
3.8656e-006
3.5968e-006
3.6096e-006
3.6224e-006
3.6992e-006
3.6224e-006
3.6352e-006
3.648e-006
3.6608e-006
3.9936e-006
4.0064e-006
4.0192e-006
4.032e-006
3.8784e-006
3.8912e-006
3.904e-006
3.9168e-006
0.00361035
0.00361049
0.00361278
0.00361351
0.00143656
0.00143658
0.00143661
0.00143662
0.00143663
0.00143665
0.00143666
3.7248e-006
3.7376e-006
3.7504e-006
3.7632e-006
3.7888e-006
3.8016e-006
3.8272e-006
3.84e-006
3.6224e-006
3.6352e-006
3.648e-006
3.65335e-006
3.6608e-006
3.66615e-006
3.67895e-006
3.69175e-006
0.00143776
0.00143783
0.00143785
0.00143786
0.00144354
0.00144361
0.00144363
0.00144364
0.00144447
0.00144455
0.00144463
0.0014447
3.5968e-006
3.6096e-006
3.6224e-006
3.6352e-006
0.00587708
0.00587927
0.00161883
0.00263283
0.00526883
0.00528993
0.00157351
3.6864e-006
3.6992e-006
3.712e-006
3.7248e-006
0.00291344
0.00291367
0.00291759
0.00525275
0.00525283
0.00525291
0.00525351
4.05783e-006
4.07063e-006
4.08343e-006
4.09623e-006
3.4432e-006
3.456e-006
3.4688e-006
3.4816e-006
3.68578e-006
3.69858e-006
3.71138e-006
3.72418e-006
0.00160978
0.00161003
0.00161129
0.0016865
0.00145505
0.00145513
0.00145514
0.00145516
0.00145821
0.00145845
0.0014587
0.00229198
0.00146121
0.00146122
0.00146123
0.00146126
0.00229429
0.00229455
3.648e-006
3.6608e-006
3.6736e-006
3.6864e-006
0.00452438
0.00573493
4.95298e-006
4.96578e-006
4.97858e-006
5.00418e-006
0.00454373
3.5968e-006
3.6096e-006
3.6224e-006
3.6352e-006
0.0016397
0.00164044
0.00164129
0.00164156
3.8428e-006
3.8556e-006
3.8684e-006
3.8812e-006
3.4048e-006
3.4176e-006
3.4304e-006
3.4432e-006
0.00270695
3.7504e-006
3.7632e-006
3.776e-006
3.7888e-006
3.81378e-006
3.82658e-006
3.83938e-006
3.85218e-006
4.48194e-006
4.49474e-006
4.50754e-006
4.52034e-006
3.648e-006
3.6608e-006
3.6608e-006
3.6736e-006
3.6736e-006
3.6864e-006
3.6864e-006
3.6992e-006
4.24557e-006
4.25837e-006
4.27117e-006
4.28397e-006
0.00146581
0.00146582
0.00146583
0.00146584
0.00164366
0.00147514
0.00147516
0.00147517
0.00147532
0.00146909
0.00146917
0.00146918
0.00146919
3.6096e-006
3.6224e-006
3.6352e-006
3.648e-006
0.00147167
0.00147175
0.00147176
0.00147177
0.00161717
0.00161735
0.00161782
0.00161798
3.6224e-006
3.6352e-006
3.648e-006
3.6608e-006
3.77112e-006
3.78392e-006
3.79672e-006
3.80952e-006
0.00503721
0.0014761
0.00147611
0.00147612
0.00147613
4.31555e-006
4.32835e-006
4.34114e-006
4.36674e-006
0.00602943
0.00504675
0.00148367
0.00148385
0.00148403
0.00148421
0.00148439
0.00148457
0.00148474
0.00148492
0.00457642
0.00536246
0.00536635
0.00232654
0.00273972
0.00538969
0.00539082
3.3792e-006
3.392e-006
3.4048e-006
3.4176e-006
3.75747e-006
3.77027e-006
3.78307e-006
3.79587e-006
3.98275e-006
3.99555e-006
4.00835e-006
4.02115e-006
0.00274598
0.00274669
0.00165556
3.6608e-006
3.6736e-006
3.6864e-006
3.6992e-006
0.00165642
0.00620482
0.00275078
0.0027511
0.00235755
0.00166389
3.6096e-006
3.6224e-006
3.6352e-006
3.648e-006
3.6864e-006
3.6992e-006
3.712e-006
3.7248e-006
0.00148798
0.001488
0.00148801
3.6096e-006
3.6224e-006
3.6352e-006
3.648e-006
0.00168488
0.00358332
0.00358398
0.00413912
4.24301e-006
4.25581e-006
4.26861e-006
4.28141e-006
0.00466713
0.00359062
3.6352e-006
3.648e-006
3.648e-006
3.6608e-006
3.6608e-006
3.6736e-006
3.6736e-006
3.6864e-006
4.05784e-006
4.07064e-006
4.09624e-006
4.10904e-006
0.00149317
0.00149914
0.00149932
0.0014995
0.00149967
3.5968e-006
3.6096e-006
3.6224e-006
3.6352e-006
3.7632e-006
3.776e-006
3.7888e-006
3.8144e-006
0.00467926
0.00545841
0.00545849
0.00270183
0.00270362
0.00270379
0.00377163
3.3792e-006
0.00377171
3.392e-006
3.4048e-006
3.4176e-006
0.00377179
3.6096e-006
3.6224e-006
3.6352e-006
3.648e-006
3.90509e-006
3.91789e-006
3.93069e-006
3.9563e-006
4.05357e-006
4.06637e-006
4.07917e-006
4.09197e-006
3.7504e-006
3.7632e-006
3.776e-006
3.7888e-006
3.7888e-006
3.8016e-006
3.8144e-006
3.8272e-006
0.00612356
0.00612367
0.00150018
0.00150026
0.00150027
0.00150028
0.00613162
3.79843e-006
3.81123e-006
3.82403e-006
3.83683e-006
0.00387268
3.72846e-006
3.74126e-006
3.76686e-006
3.81806e-006
0.00388419
0.00364256
0.00688217
0.00477958
3.5968e-006
3.6096e-006
3.6224e-006
3.6352e-006
4.6976e-006
4.7104e-006
4.7232e-006
4.7488e-006
0.00365311
3.5968e-006
3.6096e-006
3.6224e-006
3.6352e-006
0.00471477
0.00471483
0.00471486
0.00471525
0.00471534
4.98371e-006
4.99651e-006
5.02211e-006
5.03491e-006
0.00150915
0.00150923
0.00150924
0.00150925
3.6608e-006
3.6736e-006
3.6864e-006
3.6992e-006
3.7632e-006
3.776e-006
3.7888e-006
3.8016e-006
3.87438e-006
3.88718e-006
3.91278e-006
3.92558e-006
4.352e-006
4.3648e-006
4.3776e-006
4.3904e-006
3.6608e-006
3.6736e-006
3.6736e-006
3.6864e-006
3.6864e-006
3.6992e-006
3.6992e-006
3.712e-006
3.82232e-006
3.83512e-006
3.84792e-006
3.86072e-006
4.0576e-006
4.0704e-006
4.0832e-006
4.096e-006
