3.5968e-006
3.6096e-006
3.6224e-006
3.6352e-006
3.712e-006
3.7248e-006
3.7376e-006
3.7504e-006
3.9296e-006
3.9424e-006
3.9552e-006
3.968e-006
4.3392e-006
4.352e-006
4.3648e-006
4.3776e-006
5.0048e-006
5.0304e-006
5.056e-006
5.1328e-006
6.15936e-006
6.17216e-006
6.18496e-006
6.21056e-006
9.85856e-006
1.01862e-005
1.0263e-005
1.03398e-005
4.032e-006
4.0448e-006
4.0576e-006
4.0704e-006
4.1728e-006
4.1984e-006
4.2112e-006
4.224e-006
8.768e-006
8.7808e-006
8.7936e-006
8.8064e-006
3.712e-006
3.7248e-006
3.7504e-006
3.7632e-006
3.8144e-006
3.8272e-006
3.84e-006
3.8528e-006
3.904e-006
3.9296e-006
3.9552e-006
3.9808e-006
5.64045e-005
5.664e-005
5.70906e-005
5.92819e-005
3.3792e-006
3.392e-006
3.4048e-006
3.4176e-006
3.5968e-006
3.6096e-006
3.6224e-006
3.6352e-006
3.7376e-006
3.7504e-006
3.776e-006
3.7888e-006
3.8144e-006
3.8272e-006
3.8272e-006
3.84e-006
1.3033e-005
1.30458e-005
1.30586e-005
1.30714e-005
3.6096e-006
3.6224e-006
3.6352e-006
3.648e-006
1.79789e-005
2.04877e-005
2.09229e-005
2.11789e-005
3.11296e-005
3.20051e-005
3.21792e-005
3.25325e-005
3.6096e-006
3.6224e-006
3.6352e-006
3.648e-006
3.5968e-006
3.6096e-006
3.6224e-006
3.6352e-006
2.14349e-005
2.15629e-005
2.17549e-005
2.18829e-005
2.21901e-005
2.22669e-005
2.23437e-005
2.24205e-005
6.86822e-005
3.97466e-005
3.99155e-005
4.00538e-005
4.01306e-005
3.392e-006
3.4048e-006
3.4176e-006
3.4304e-006
3.5968e-006
3.6096e-006
3.6224e-006
3.6352e-006
3.648e-006
3.6608e-006
3.6736e-006
3.6864e-006
9.61587e-005
0.00010679
0.000106985
2.56614e-005
2.57382e-005
2.5751e-005
2.57638e-005
0.000108009
0.00010805
0.000108086
0.000108163
3.5968e-006
3.6096e-006
3.6224e-006
3.6352e-006
8.6679e-005
8.70349e-005
8.75341e-005
8.75597e-005
0.000214423
0.000214653
3.5968e-006
3.6096e-006
3.6224e-006
3.6352e-006
0.00025929
0.000265375
3.03616e-005
3.03744e-005
3.03872e-005
3.04e-005
3.3792e-006
3.3792e-006
3.392e-006
3.392e-006
3.4048e-006
3.4048e-006
3.4176e-006
3.4176e-006
3.29574e-005
3.29702e-005
3.2983e-005
3.29958e-005
3.5968e-006
3.6096e-006
3.6224e-006
3.6352e-006
4.48e-006
4.4928e-006
4.5056e-006
4.5184e-006
9.95686e-005
9.9671e-005
9.99117e-005
0.000100035
3.66541e-005
3.66669e-005
3.66797e-005
3.66925e-005
3.5968e-006
3.5968e-006
3.6096e-006
3.6096e-006
3.6224e-006
3.6224e-006
3.6352e-006
3.6352e-006
6.6729e-005
6.68058e-005
6.68826e-005
6.68954e-005
4.13389e-005
4.13517e-005
4.13645e-005
4.13773e-005
3.54048e-006
3.55328e-006
3.56608e-006
3.57888e-006
3.7248e-006
3.7376e-006
3.7504e-006
3.7632e-006
3.78624e-006
3.79904e-006
3.81184e-006
3.82464e-006
3.5968e-006
3.6096e-006
3.6224e-006
3.6352e-006
6.99853e-005
7.01517e-005
8.96717e-005
5.07597e-005
5.07725e-005
5.07853e-005
5.08621e-005
5.23827e-005
5.24595e-005
5.24723e-005
5.24851e-005
0.000114199
3.5968e-006
3.5968e-006
3.6096e-006
3.6096e-006
3.6224e-006
3.6224e-006
3.6352e-006
3.6352e-006
3.3792e-006
3.392e-006
3.4048e-006
3.4176e-006
3.5968e-006
3.5968e-006
3.6096e-006
3.6096e-006
3.6224e-006
3.6224e-006
3.6352e-006
3.6352e-006
6.01856e-005
6.01984e-005
6.02112e-005
6.0224e-005
3.8272e-006
3.84e-006
3.8528e-006
3.8656e-006
3.5968e-006
3.6096e-006
3.6224e-006
3.6352e-006
3.712e-006
3.7248e-006
3.7376e-006
3.7504e-006
3.9296e-006
3.9424e-006
3.9552e-006
3.968e-006
4.3392e-006
4.352e-006
4.3648e-006
4.3776e-006
5.0048e-006
5.0304e-006
5.056e-006
5.1328e-006
6.15936e-006
6.17216e-006
6.18496e-006
6.21056e-006
9.85856e-006
1.01862e-005
1.0263e-005
1.03398e-005
4.032e-006
4.0448e-006
4.0576e-006
4.0704e-006
4.1728e-006
4.1984e-006
4.2112e-006
4.224e-006
8.768e-006
8.7808e-006
8.7936e-006
8.8064e-006
3.712e-006
3.7248e-006
3.7504e-006
3.7632e-006
3.8144e-006
3.8272e-006
3.84e-006
3.8528e-006
3.904e-006
3.9296e-006
3.9552e-006
3.9808e-006
5.64045e-005
5.664e-005
5.70906e-005
5.92819e-005
3.3792e-006
3.392e-006
3.4048e-006
3.4176e-006
3.5968e-006
3.6096e-006
3.6224e-006
3.6352e-006
3.7376e-006
3.7504e-006
3.776e-006
3.7888e-006
3.8144e-006
3.8272e-006
3.8272e-006
3.84e-006
1.3033e-005
1.30458e-005
1.30586e-005
1.30714e-005
3.6096e-006
3.6224e-006
3.6352e-006
3.648e-006
1.79789e-005
2.04877e-005
2.09229e-005
2.11789e-005
3.11296e-005
3.20051e-005
3.21792e-005
3.25325e-005
3.6096e-006
3.6224e-006
3.6352e-006
3.648e-006
3.5968e-006
3.6096e-006
3.6224e-006
3.6352e-006
2.14349e-005
2.15629e-005
2.17549e-005
2.18829e-005
2.21901e-005
2.22669e-005
2.23437e-005
2.24205e-005
6.86822e-005
3.97466e-005
3.99155e-005
4.00538e-005
4.01306e-005
3.392e-006
3.4048e-006
3.4176e-006
3.4304e-006
3.5968e-006
3.6096e-006
3.6224e-006
3.6352e-006
3.648e-006
3.6608e-006
3.6736e-006
3.6864e-006
9.61587e-005
0.00010679
0.000106985
2.56614e-005
2.57382e-005
2.5751e-005
2.57638e-005
0.000108009
0.00010805
0.000108086
0.000108163
3.5968e-006
3.6096e-006
3.6224e-006
3.6352e-006
8.6679e-005
8.70349e-005
8.75341e-005
8.75597e-005
0.000214423
0.000214653
3.5968e-006
3.6096e-006
3.6224e-006
3.6352e-006
0.00025929
0.000265375
3.03616e-005
3.03744e-005
3.03872e-005
3.04e-005
3.3792e-006
3.3792e-006
3.392e-006
3.392e-006
3.4048e-006
3.4048e-006
3.4176e-006
3.4176e-006
3.29574e-005
3.29702e-005
3.2983e-005
3.29958e-005
3.5968e-006
3.6096e-006
3.6224e-006
3.6352e-006
4.48e-006
4.4928e-006
4.5056e-006
4.5184e-006
9.95686e-005
9.9671e-005
9.99117e-005
0.000100035
3.66541e-005
3.66669e-005
3.66797e-005
3.66925e-005
3.5968e-006
3.5968e-006
3.6096e-006
3.6096e-006
3.6224e-006
3.6224e-006
3.6352e-006
3.6352e-006
6.6729e-005
6.68058e-005
6.68826e-005
6.68954e-005
4.13389e-005
4.13517e-005
4.13645e-005
4.13773e-005
3.54048e-006
3.55328e-006
3.56608e-006
3.57888e-006
3.7248e-006
3.7376e-006
3.7504e-006
3.7632e-006
3.78624e-006
3.79904e-006
3.81184e-006
3.82464e-006
3.5968e-006
3.6096e-006
3.6224e-006
3.6352e-006
6.99853e-005
7.01517e-005
8.96717e-005
5.07597e-005
5.07725e-005
5.07853e-005
5.08621e-005
5.23827e-005
5.24595e-005
5.24723e-005
5.24851e-005
0.000114199
3.5968e-006
3.5968e-006
3.6096e-006
3.6096e-006
3.6224e-006
3.6224e-006
3.6352e-006
3.6352e-006
3.3792e-006
3.392e-006
3.4048e-006
3.4176e-006
3.5968e-006
3.5968e-006
3.6096e-006
3.6096e-006
3.6224e-006
3.6224e-006
3.6352e-006
3.6352e-006
6.01856e-005
6.01984e-005
6.02112e-005
6.0224e-005
3.8272e-006
3.84e-006
3.8528e-006
3.8656e-006
6.05594e-005
6.06362e-005
6.0713e-005
6.07898e-005
3.5968e-006
3.6096e-006
3.6224e-006
3.6352e-006
0.000210872
0.000211205
0.000257219
0.000257398
0.000257577
0.000257756
6.3552e-005
6.35648e-005
6.35776e-005
6.35904e-005
3.5968e-006
3.6096e-006
3.6224e-006
3.6352e-006
0.000265108
0.000268972
6.6089e-005
6.61658e-005
6.61786e-005
6.61914e-005
6.75917e-005
6.76045e-005
6.76173e-005
3.6096e-006
3.6224e-006
3.6352e-006
3.648e-006
0.000125548
3.3792e-006
3.3792e-006
3.392e-006
3.392e-006
3.4048e-006
3.4048e-006
3.4176e-006
3.4176e-006
3.5968e-006
3.6096e-006
3.6224e-006
3.6352e-006
7.89197e-005
7.89325e-005
7.89453e-005
7.89581e-005
3.5968e-006
3.5968e-006
3.6096e-006
3.6096e-006
3.6096e-006
3.6224e-006
3.6224e-006
3.6224e-006
3.6352e-006
3.6352e-006
3.6352e-006
3.648e-006
0.000132063
0.000132396
0.000132728
7.64467e-005
7.65235e-005
7.65363e-005
7.65491e-005
8.04096e-005
8.04224e-005
8.04352e-005
8.0448e-005
3.3792e-006
3.392e-006
3.4048e-006
3.4176e-006
0.000148892
0.000149071
0.000149251
0.00014943
8.50509e-005
8.50637e-005
8.50765e-005
8.50893e-005
3.7504e-006
3.7632e-006
3.776e-006
3.7888e-006
3.97568e-006
3.98848e-006
4.00128e-006
4.01408e-006
8.67942e-005
8.6807e-005
8.68198e-005
8.68326e-005
8.7639e-005
8.77158e-005
8.77286e-005
8.77414e-005
0.000346327
4.40832e-006
4.43392e-006
4.44672e-006
4.45952e-006
3.60192e-006
3.61472e-006
3.62752e-006
3.64032e-006
6.0544e-006
6.0672e-006
6.08e-006
6.0928e-006
3.5968e-006
3.6096e-006
3.6224e-006
3.6352e-006
4.1344e-006
4.1472e-006
4.1728e-006
4.1856e-006
4.2112e-006
4.2368e-006
4.2496e-006
4.2624e-006
9.64403e-005
9.6553e-005
9.68422e-005
9.69677e-005
3.5968e-006
3.5968e-006
3.6096e-006
3.6096e-006
3.6224e-006
3.6224e-006
3.6352e-006
3.6352e-006
3.6864e-006
3.712e-006
3.7248e-006
3.7376e-006
9.8263e-005
9.83398e-005
9.83526e-005
9.83654e-005
9.93024e-005
3.3792e-006
3.392e-006
3.4048e-006
3.4176e-006
3.5968e-006
3.6096e-006
3.6224e-006
3.6352e-006
0.00010089
0.000100902
0.000100915
0.000100928
0.00010176
0.000101837
0.00010185
0.000101862
0.000103821
0.000104164
0.000104507
0.00010484
0.000148588
0.000103465
0.000103542
0.000103555
0.000103567
0.000104269
0.000104282
0.000104294
0.000104307
0.000104827
0.00010484
0.000104852
0.000104865
0.000196905
0.000198216
3.5968e-006
3.6096e-006
3.6224e-006
3.6352e-006
0.000188695
0.000188782
0.000188859
0.000188936
3.5968e-006
3.5968e-006
3.6096e-006
3.6096e-006
3.6224e-006
3.6224e-006
3.6352e-006
3.6352e-006
3.3792e-006
3.392e-006
3.4048e-006
3.4176e-006
3.5968e-006
3.6096e-006
3.6224e-006
3.6352e-006
0.000111462
0.000111475
0.000111898
0.000111974
0.000111987
0.000112
3.5968e-006
3.5968e-006
3.6096e-006
3.6096e-006
3.6096e-006
3.6224e-006
3.6224e-006
3.6224e-006
3.6352e-006
3.6352e-006
3.6352e-006
3.648e-006
0.000114488
0.000114509
0.000114565
0.000114578
0.000114586
0.000114591
0.000114598
0.000114611
0.000159081
0.000159588
0.000205448
0.000205524
0.000205601
0.000205614
0.000395643
0.000115727
0.000115804
0.000115817
0.00011583
0.00011713
0.000117207
0.00011722
0.000117233
0.000117962
0.000117975
0.000118001
0.000118013
3.3792e-006
3.392e-006
3.4048e-006
3.4176e-006
3.5968e-006
3.6096e-006
3.6224e-006
3.6352e-006
3.8912e-006
3.9168e-006
3.9424e-006
3.968e-006
0.000176082
0.000176159
0.000176236
0.000176248
3.6096e-006
3.6224e-006
3.6352e-006
3.648e-006
0.00050583
0.000123917
0.00012393
0.000123942
0.000123955
3.4048e-006
3.4176e-006
3.4304e-006
3.4432e-006
3.5968e-006
3.5968e-006
3.6096e-006
3.6096e-006
3.6224e-006
3.6224e-006
3.6352e-006
3.6352e-006
3.9936e-006
4.0064e-006
4.0192e-006
4.032e-006
3.4048e-006
3.4176e-006
3.4304e-006
3.4432e-006
3.5968e-006
3.5968e-006
3.6096e-006
3.6096e-006
3.6224e-006
3.6224e-006
3.6352e-006
3.6352e-006
3.8272e-006
3.8528e-006
3.8656e-006
3.8784e-006
0.000619062
0.000619282
0.000335711
0.000335788
0.000336028
0.000336105
0.000134717
0.00013473
0.000134743
0.00013482
0.000240046
0.000240123
0.000240225
0.000240302
0.000531446
0.000532047
0.000532124
0.000532636
3.3792e-006
3.392e-006
3.4048e-006
3.4176e-006
0.000129108
0.000129121
0.000129134
0.000135386
3.5968e-006
3.6096e-006
3.6224e-006
3.6352e-006
3.5968e-006
3.6096e-006
3.6224e-006
3.6352e-006
0.000142595
0.000142607
0.00014262
0.000142633
0.000246651
3.5968e-006
3.6096e-006
3.6224e-006
3.6352e-006
0.000135951
0.000135964
0.000135977
0.00013599
0.00013599
0.000136003
0.000270669
3.5968e-006
3.6096e-006
3.6224e-006
3.6352e-006
0.000586176
0.000586437
0.000586678
0.000342344
0.000343596
0.00014156
0.000141573
0.000141586
0.00014274
3.5968e-006
3.6096e-006
3.6224e-006
3.6352e-006
0.000261251
0.000261635
0.000143094
0.000143171
0.000143183
0.000143196
0.000143918
0.000143923
0.000143995
0.000144
0.000144008
0.000144013
0.00014402
0.000144026
0.00014623
0.000146243
0.000146255
3.5968e-006
3.6096e-006
3.6224e-006
3.6352e-006
0.000215816
0.000215985
0.000216154
0.000216323
0.000347082
0.000347162
0.0001487
0.000148777
0.00014879
0.000148803
3.6096e-006
3.6224e-006
3.6352e-006
3.648e-006
4.672e-006
4.6976e-006
4.7232e-006
4.736e-006
0.000720906
3.5968e-006
3.6096e-006
3.6224e-006
3.6352e-006
0.000619794
0.000620029
0.000620198
0.000620511
0.000423826
0.000423903
0.000272801
0.000272965
0.000273518
0.000396664
0.000396828
0.000397038
3.6096e-006
3.6224e-006
3.6352e-006
3.648e-006
0.000154371
0.000369997
3.5968e-006
3.6096e-006
3.6224e-006
3.6352e-006
0.000414356
0.000414679
0.000415319
0.000415652
0.000228838
0.00022935
0.000229591
3.3792e-006
3.3792e-006
3.392e-006
3.392e-006
3.4048e-006
3.4048e-006
3.4176e-006
3.4176e-006
0.000415524
0.000544852
0.000160248
0.000160274
0.000160287
0.000160312
0.000163123
0.000163136
3.64032e-006
3.65312e-006
3.66592e-006
3.67872e-006
4.01152e-006
4.02432e-006
4.03712e-006
4.04992e-006
0.00016074
0.000160753
0.000160765
0.000160791
3.5968e-006
3.6096e-006
3.6224e-006
3.6352e-006
0.000168335
0.000168412
0.000168425
0.000168438
3.5968e-006
3.6096e-006
3.6224e-006
3.6352e-006
3.8528e-006
3.8656e-006
3.8784e-006
3.904e-006
0.000177252
0.000177265
0.000177277
0.00017015
0.000170163
0.000170176
0.000170189
0.00017985
0.000179863
0.000179876
0.000179889
0.000244818
3.5968e-006
3.6096e-006
3.6224e-006
3.6352e-006
3.7504e-006
3.7632e-006
3.776e-006
3.7888e-006
4.4416e-006
4.4544e-006
4.4544e-006
4.4672e-006
4.48e-006
4.48e-006
4.4928e-006
4.5696e-006
4.5312e-006
4.5568e-006
4.5696e-006
4.608e-006
4.6848e-006
4.6976e-006
4.7104e-006
4.736e-006
4.1856e-006
4.1984e-006
4.2112e-006
4.224e-006
4.288e-006
4.3008e-006
4.3136e-006
4.3392e-006
3.3792e-006
3.392e-006
3.4048e-006
3.4176e-006
3.5968e-006
3.6096e-006
3.6224e-006
3.6352e-006
4.1856e-006
4.1984e-006
4.2112e-006
4.2112e-006
4.224e-006
4.2368e-006
4.2496e-006
4.288e-006
3.6096e-006
3.6224e-006
3.6352e-006
3.648e-006
4.1728e-006
4.1856e-006
4.1984e-006
4.224e-006
4.4928e-006
4.5056e-006
4.5184e-006
4.5568e-006
3.5968e-006
3.6096e-006
3.6224e-006
3.6352e-006
3.6992e-006
3.712e-006
3.7248e-006
3.7376e-006
3.5968e-006
3.6096e-006
3.6224e-006
3.6352e-006
4.1472e-006
4.16e-006
4.1984e-006
4.224e-006
3.7504e-006
3.7632e-006
3.776e-006
3.7888e-006
3.904e-006
3.9168e-006
3.9296e-006
3.9424e-006
4.16e-006
4.1728e-006
4.1856e-006
4.1984e-006
4.4288e-006
4.4544e-006
4.48e-006
4.5056e-006
4.9536e-006
4.9792e-006
4.992e-006
5.056e-006
3.8784e-006
3.8912e-006
3.9168e-006
3.9296e-006
4.4288e-006
4.4416e-006
4.4544e-006
4.48e-006
4.5952e-006
4.6208e-006
4.6464e-006
4.672e-006
3.5968e-006
3.6096e-006
3.6224e-006
3.6352e-006
3.7504e-006
3.7632e-006
3.776e-006
3.7888e-006
4.4416e-006
4.4544e-006
4.4544e-006
4.4672e-006
4.48e-006
4.48e-006
4.4928e-006
4.5696e-006
3.5968e-006
3.6096e-006
3.6224e-006
3.6352e-006
3.7504e-006
3.7632e-006
3.776e-006
3.7888e-006
4.4416e-006
4.4544e-006
4.4544e-006
4.4672e-006
4.48e-006
4.48e-006
4.4928e-006
4.5696e-006
4.5312e-006
4.5568e-006
4.5696e-006
4.608e-006
4.6848e-006
4.6976e-006
4.7104e-006
4.736e-006
4.1856e-006
4.1984e-006
4.2112e-006
4.224e-006
4.288e-006
4.3008e-006
4.3136e-006
4.3392e-006
3.3792e-006
3.392e-006
3.4048e-006
3.4176e-006
3.5968e-006
3.6096e-006
3.6224e-006
3.6352e-006
4.1856e-006
4.1984e-006
4.2112e-006
4.2112e-006
4.224e-006
4.2368e-006
4.2496e-006
4.288e-006
3.6096e-006
3.6224e-006
3.6352e-006
3.648e-006
4.1728e-006
4.1856e-006
4.1984e-006
4.224e-006
4.4928e-006
4.5056e-006
4.5184e-006
4.5568e-006
3.5968e-006
3.6096e-006
3.6224e-006
3.6352e-006
3.6992e-006
3.712e-006
3.7248e-006
3.7376e-006
3.5968e-006
3.6096e-006
3.6224e-006
3.6352e-006
4.1472e-006
4.16e-006
4.1984e-006
4.224e-006
3.7504e-006
3.7632e-006
3.776e-006
3.7888e-006
3.904e-006
3.9168e-006
3.9296e-006
3.9424e-006
4.16e-006
4.1728e-006
4.1856e-006
4.1984e-006
4.4288e-006
4.4544e-006
4.48e-006
4.5056e-006
4.9536e-006
4.9792e-006
4.992e-006
5.056e-006
3.8784e-006
3.8912e-006
3.9168e-006
3.9296e-006
4.4288e-006
4.4416e-006
4.4544e-006
4.48e-006
4.5952e-006
4.6208e-006
4.6464e-006
4.672e-006
3.9552e-006
3.968e-006
3.9808e-006
3.9936e-006
3.5968e-006
3.5968e-006
3.6096e-006
3.6096e-006
3.6224e-006
3.6224e-006
3.6352e-006
3.6352e-006
3.5968e-006
3.6096e-006
3.6224e-006
3.6352e-006
3.7632e-006
3.776e-006
3.7888e-006
3.8016e-006
3.5968e-006
3.6096e-006
3.6224e-006
3.6352e-006
3.3792e-006
3.392e-006
3.4048e-006
3.4176e-006
3.8528e-006
3.8784e-006
3.904e-006
3.9168e-006
3.9424e-006
3.9552e-006
3.968e-006
3.9808e-006
3.5968e-006
3.6096e-006
3.6224e-006
3.6352e-006
4.1472e-006
4.16e-006
4.1728e-006
4.1856e-006
4.3264e-006
4.3392e-006
4.3648e-006
4.3776e-006
3.8912e-006
3.904e-006
3.9168e-006
3.9296e-006
3.584e-006
3.5968e-006
3.6096e-006
3.6224e-006
3.968e-006
3.9808e-006
3.9936e-006
4.0064e-006
3.9296e-006
3.9424e-006
3.9552e-006
3.9808e-006
4.0832e-006
4.096e-006
4.1088e-006
4.1216e-006
4.1472e-006
4.16e-006
4.1728e-006
4.1856e-006
3.5968e-006
3.6096e-006
3.6224e-006
3.6352e-006
3.5968e-006
3.6096e-006
3.6224e-006
3.6352e-006
3.3792e-006
3.392e-006
3.4048e-006
3.4176e-006
3.5968e-006
3.6096e-006
3.6224e-006
3.6352e-006
3.9168e-006
3.9296e-006
3.9424e-006
3.9552e-006
3.5968e-006
3.6096e-006
3.6224e-006
3.6352e-006
4.7104e-006
4.736e-006
4.7616e-006
4.7744e-006
3.6096e-006
3.6224e-006
3.6352e-006
3.648e-006
4.1856e-006
4.1984e-006
4.2112e-006
4.224e-006
4.5696e-006
4.5952e-006
4.608e-006
4.6208e-006
3.392e-006
3.4048e-006
3.4176e-006
3.4304e-006
4.7488e-006
4.7616e-006
4.7744e-006
4.8128e-006
4.3648e-006
4.3776e-006
4.3904e-006
4.4032e-006
3.3792e-006
3.392e-006
3.4048e-006
3.4176e-006
3.5968e-006
3.6096e-006
3.6096e-006
3.6224e-006
3.6224e-006
3.6352e-006
3.6352e-006
3.648e-006
3.6736e-006
3.6864e-006
3.6992e-006
3.712e-006
3.6096e-006
3.6224e-006
3.6352e-006
3.648e-006
3.8784e-006
3.8912e-006
3.9168e-006
3.9424e-006
4.0448e-006
4.0576e-006
4.0704e-006
4.1088e-006
4.5312e-006
4.5568e-006
4.16e-006
4.1728e-006
4.1856e-006
4.1984e-006
4.1216e-006
4.1344e-006
4.1472e-006
4.16e-006
3.5968e-006
3.6096e-006
3.6224e-006
3.6352e-006
4.8e-006
4.8128e-006
4.8256e-006
4.8384e-006
4.1984e-006
4.2112e-006
4.224e-006
4.2496e-006
4.5568e-006
4.5696e-006
4.5824e-006
4.5952e-006
4.2368e-006
4.2496e-006
4.2624e-006
4.2752e-006
3.9936e-006
4.0064e-006
4.0192e-006
4.032e-006
4.544e-006
4.5568e-006
4.5696e-006
4.5824e-006
3.8784e-006
3.8912e-006
3.904e-006
3.9168e-006
3.3792e-006
3.392e-006
3.4048e-006
3.4176e-006
4.16e-006
4.1728e-006
4.1856e-006
4.1984e-006
4.7872e-006
4.1728e-006
4.1856e-006
4.2112e-006
4.224e-006
3.5968e-006
3.6096e-006
3.6224e-006
3.6352e-006
3.9168e-006
3.9296e-006
3.9424e-006
3.968e-006
3.5968e-006
3.6096e-006
3.6224e-006
3.6352e-006
5.3632e-006
5.3888e-006
3.5968e-006
3.6096e-006
3.6224e-006
3.6352e-006
4.8e-006
4.8128e-006
4.8256e-006
4.8512e-006
3.6608e-006
3.6736e-006
3.6864e-006
3.6992e-006
3.8528e-006
3.8656e-006
3.8784e-006
3.8912e-006
4.416e-006
4.4288e-006
4.4544e-006
4.48e-006
4.7488e-006
4.7616e-006
4.7744e-006
3.6096e-006
3.6224e-006
3.6352e-006
3.648e-006
4.544e-006
4.5568e-006
4.5696e-006
4.5824e-006
4.7104e-006
4.7232e-006
4.8e-006
4.8896e-006
4.9152e-006
4.9408e-006
4.9664e-006
3.4944e-006
3.5072e-006
3.52e-006
3.5328e-006
4.7232e-006
4.736e-006
4.7488e-006
4.7744e-006
4.1984e-006
4.2112e-006
4.224e-006
4.2368e-006
3.5968e-006
3.6096e-006
3.6224e-006
3.6352e-006
3.6608e-006
3.6736e-006
3.6864e-006
3.6992e-006
4.7104e-006
4.7232e-006
4.736e-006
4.7616e-006
3.8656e-006
3.8784e-006
3.8912e-006
3.904e-006
3.3792e-006
3.392e-006
3.4048e-006
3.4176e-006
3.9808e-006
3.9936e-006
4.0192e-006
4.0448e-006
4.16e-006
4.1856e-006
4.1984e-006
4.224e-006
4.224e-006
4.2368e-006
4.2496e-006
4.2624e-006
3.5968e-006
3.5968e-006
3.6096e-006
3.6096e-006
3.6224e-006
3.6224e-006
3.6352e-006
3.6992e-006
3.5968e-006
3.6096e-006
3.6224e-006
3.6352e-006
3.9808e-006
3.9936e-006
4.0064e-006
4.0192e-006
3.6096e-006
3.6224e-006
3.6352e-006
3.648e-006
3.6608e-006
3.6736e-006
3.6864e-006
3.6992e-006
3.5968e-006
3.6096e-006
3.6224e-006
3.6352e-006
3.6608e-006
3.6736e-006
3.6864e-006
3.6992e-006
4.608e-006
4.6208e-006
4.6336e-006
4.6464e-006
4.4672e-006
4.4928e-006
4.5056e-006
4.5312e-006
4.1088e-006
4.1216e-006
4.1344e-006
4.1472e-006
3.5968e-006
3.6096e-006
3.6224e-006
3.6352e-006
4.5056e-006
4.5184e-006
4.5312e-006
4.544e-006
4.1472e-006
4.16e-006
4.1728e-006
4.1856e-006
3.6608e-006
3.6736e-006
3.6864e-006
3.6992e-006
3.7248e-006
3.7504e-006
3.7632e-006
3.776e-006
3.5968e-006
3.6096e-006
3.6224e-006
3.6352e-006
4.3648e-006
4.3904e-006
4.4032e-006
4.416e-006
3.648e-006
3.6608e-006
3.6736e-006
3.6864e-006
3.9808e-006
3.9936e-006
3.9936e-006
4.0064e-006
4.0064e-006
4.0192e-006
4.0192e-006
4.0448e-006
4.1984e-006
4.2112e-006
4.224e-006
4.2368e-006
3.6096e-006
3.6224e-006
3.6352e-006
3.648e-006
3.5968e-006
3.6096e-006
3.6224e-006
3.6352e-006
3.8912e-006
3.904e-006
3.9168e-006
3.9424e-006
4.4032e-006
4.4288e-006
4.4416e-006
4.4544e-006
3.6096e-006
3.6224e-006
3.6352e-006
3.648e-006
4.48e-006
4.5056e-006
4.5312e-006
4.5568e-006
3.6352e-006
3.648e-006
3.6608e-006
3.6736e-006
4.4032e-006
4.4288e-006
4.4416e-006
4.4544e-006
4.7104e-006
4.7232e-006
4.736e-006
4.7488e-006
4.7616e-006
4.8e-006
3.5584e-006
3.5712e-006
3.584e-006
3.5968e-006
4.7872e-006
3.5968e-006
3.6096e-006
3.6224e-006
3.6352e-006
3.968e-006
3.9808e-006
3.9936e-006
4.0064e-006
4.1472e-006
4.16e-006
4.1728e-006
4.1856e-006
3.3792e-006
3.392e-006
3.4048e-006
3.4176e-006
4.1984e-006
4.2752e-006
4.288e-006
4.3136e-006
4.2112e-006
4.224e-006
4.2496e-006
4.2752e-006
4.288e-006
4.3008e-006
4.3136e-006
4.3264e-006
4.4416e-006
4.4544e-006
4.4672e-006
4.48e-006
3.5968e-006
3.5968e-006
3.6096e-006
3.6096e-006
3.6224e-006
3.6224e-006
3.6352e-006
3.6352e-006
3.5968e-006
3.6096e-006
3.6224e-006
3.6352e-006
3.5968e-006
3.6096e-006
3.6224e-006
3.6352e-006
3.6608e-006
3.6736e-006
3.6864e-006
3.7632e-006
4.6592e-006
4.672e-006
4.6848e-006
4.6976e-006
3.8784e-006
3.904e-006
3.9168e-006
3.9296e-006
3.9808e-006
3.9936e-006
4.0064e-006
4.0192e-006
3.6096e-006
3.6224e-006
3.6352e-006
3.648e-006
4.5568e-006
4.5824e-006
4.608e-006
4.6208e-006
3.5968e-006
3.6096e-006
3.6224e-006
3.6352e-006
4.0576e-006
4.0704e-006
4.0832e-006
4.1088e-006
3.5968e-006
3.6096e-006
3.6224e-006
3.6352e-006
4.5568e-006
4.5696e-006
4.5824e-006
4.608e-006
4.5568e-006
4.5696e-006
4.5824e-006
4.608e-006
5.0688e-006
5.0944e-006
5.12e-006
5.1456e-006
3.5968e-006
3.6096e-006
3.6864e-006
3.6992e-006
3.904e-006
3.9168e-006
3.9296e-006
3.9552e-006
3.4816e-006
3.4944e-006
3.5072e-006
3.52e-006
3.9168e-006
3.9296e-006
3.9424e-006
3.9552e-006
4.5568e-006
4.5696e-006
4.5952e-006
4.608e-006
3.904e-006
3.9168e-006
3.9296e-006
3.9424e-006
3.3792e-006
3.392e-006
3.4048e-006
3.4176e-006
4.1344e-006
4.1472e-006
4.16e-006
4.1728e-006
4.2112e-006
4.224e-006
4.2368e-006
4.2496e-006
4.4672e-006
4.48e-006
4.4928e-006
4.4928e-006
4.5056e-006
4.5184e-006
4.5312e-006
4.544e-006
3.6096e-006
3.6224e-006
3.6352e-006
3.648e-006
4.5568e-006
4.5696e-006
4.5952e-006
4.6208e-006
4.672e-006
4.7232e-006
4.736e-006
4.7488e-006
4.7872e-006
4.8e-006
4.8128e-006
3.5968e-006
3.6096e-006
3.6224e-006
3.6352e-006
3.6352e-006
3.648e-006
3.6608e-006
3.6736e-006
3.8528e-006
3.8784e-006
3.8912e-006
3.904e-006
4.4544e-006
4.4672e-006
4.4672e-006
4.48e-006
4.48e-006
4.4928e-006
4.5056e-006
4.5184e-006
4.736e-006
4.7488e-006
4.7616e-006
4.7744e-006
4.5312e-006
4.544e-006
4.5696e-006
4.5824e-006
4.2368e-006
4.2496e-006
4.2624e-006
4.2752e-006
4.544e-006
4.5568e-006
4.5696e-006
4.5824e-006
3.6096e-006
3.6224e-006
3.6352e-006
3.648e-006
4.2368e-006
4.2496e-006
4.2752e-006
4.288e-006
3.5968e-006
3.6096e-006
3.6096e-006
3.6224e-006
3.6224e-006
3.6352e-006
3.6352e-006
3.648e-006
3.8912e-006
3.904e-006
3.9168e-006
3.9424e-006
3.6608e-006
3.6736e-006
3.6864e-006
3.6992e-006
3.392e-006
3.4048e-006
3.4176e-006
3.4304e-006
3.5968e-006
3.6096e-006
3.6224e-006
3.6352e-006
4.7104e-006
4.7232e-006
4.736e-006
4.7744e-006
4.2112e-006
4.2368e-006
4.2496e-006
4.2624e-006
4.16e-006
4.1728e-006
4.1984e-006
4.224e-006
3.6608e-006
3.6736e-006
3.6864e-006
3.6992e-006
4.16e-006
4.1728e-006
4.1856e-006
4.1984e-006
3.5968e-006
3.6096e-006
3.6224e-006
3.6352e-006
3.6096e-006
3.6224e-006
3.6352e-006
3.648e-006
4.416e-006
4.4288e-006
4.4416e-006
4.4672e-006
3.5968e-006
3.6096e-006
3.6224e-006
3.6352e-006
4.48e-006
4.4928e-006
4.5056e-006
4.5568e-006
3.9936e-006
4.0704e-006
4.0832e-006
4.16e-006
4.4672e-006
4.4928e-006
4.5184e-006
4.544e-006
3.6096e-006
3.6224e-006
3.6352e-006
3.648e-006
3.5968e-006
3.6096e-006
3.6224e-006
3.6352e-006
3.6096e-006
3.6224e-006
3.6352e-006
3.648e-006
4.2624e-006
4.2752e-006
4.288e-006
4.3136e-006
3.6096e-006
3.6224e-006
3.6352e-006
3.648e-006
3.5968e-006
3.6096e-006
3.6096e-006
3.6224e-006
3.6224e-006
3.6352e-006
3.6352e-006
3.648e-006
3.712e-006
3.7248e-006
3.7376e-006
3.7504e-006
3.8656e-006
3.8912e-006
3.904e-006
3.9168e-006
4.1472e-006
4.16e-006
4.1728e-006
4.1856e-006
3.8784e-006
3.8912e-006
3.904e-006
3.904e-006
3.9168e-006
3.9168e-006
3.9296e-006
3.9424e-006
3.9808e-006
3.9936e-006
4.0192e-006
4.032e-006
3.5968e-006
3.5968e-006
3.6096e-006
3.6096e-006
3.6224e-006
3.6224e-006
3.6352e-006
3.6352e-006
4.3904e-006
4.4032e-006
4.416e-006
4.4288e-006
4.1856e-006
4.2112e-006
4.2368e-006
4.2496e-006
4.0192e-006
4.0448e-006
4.0704e-006
4.0832e-006
4.1728e-006
4.1856e-006
4.1984e-006
4.2112e-006
4.1856e-006
4.1984e-006
4.224e-006
4.2368e-006
5.0304e-006
5.056e-006
5.0688e-006
5.0816e-006
4.5184e-006
4.5312e-006
4.544e-006
4.5568e-006
3.5968e-006
3.6096e-006
3.6224e-006
3.6352e-006
3.3792e-006
3.392e-006
3.4048e-006
3.4176e-006
3.904e-006
3.9168e-006
3.9296e-006
3.9424e-006
4.4928e-006
4.5056e-006
4.5184e-006
4.544e-006
5.1456e-006
5.1584e-006
5.184e-006
5.2352e-006
3.5968e-006
3.6096e-006
3.6224e-006
3.6352e-006
3.7632e-006
3.776e-006
3.7888e-006
3.8144e-006
4.1728e-006
4.1856e-006
4.1984e-006
4.224e-006
3.6608e-006
3.6736e-006
3.6864e-006
3.6992e-006
3.968e-006
3.9808e-006
3.9936e-006
4.0064e-006
3.6096e-006
3.6224e-006
3.6352e-006
3.648e-006
3.5968e-006
3.5968e-006
3.5968e-006
3.6096e-006
3.6096e-006
3.6096e-006
3.6224e-006
3.6224e-006
3.6224e-006
3.6352e-006
3.6352e-006
3.6352e-006
3.9936e-006
4.0192e-006
4.0448e-006
4.0576e-006
3.7504e-006
3.776e-006
3.7888e-006
3.8016e-006
4.7872e-006
4.8e-006
4.8128e-006
4.8384e-006
3.6096e-006
3.6224e-006
3.6352e-006
3.648e-006
3.5968e-006
3.5968e-006
3.6096e-006
3.6096e-006
3.6224e-006
3.6224e-006
3.6352e-006
3.6352e-006
4.0576e-006
4.0704e-006
4.0832e-006
4.096e-006
3.9168e-006
3.9296e-006
3.9424e-006
3.9552e-006
3.5968e-006
3.6096e-006
3.6096e-006
3.6224e-006
3.6224e-006
3.6352e-006
3.6352e-006
3.648e-006
4.2752e-006
4.288e-006
4.3136e-006
4.3264e-006
3.6096e-006
3.6224e-006
3.6352e-006
3.648e-006
3.5968e-006
3.6096e-006
3.6096e-006
3.6224e-006
3.6224e-006
3.6352e-006
3.6352e-006
3.648e-006
4.5056e-006
4.5312e-006
4.544e-006
4.5568e-006
3.3792e-006
3.392e-006
3.4048e-006
3.4176e-006
4.3648e-006
4.3904e-006
4.416e-006
4.4416e-006
4.0832e-006
4.096e-006
4.1088e-006
4.1216e-006
4.3264e-006
4.3392e-006
4.3648e-006
4.3904e-006
3.5968e-006
3.6096e-006
3.6224e-006
3.6352e-006
4.1728e-006
4.1856e-006
4.1984e-006
4.2112e-006
