3.5968e-006
3.6096e-006
3.6224e-006
3.6352e-006
3.712e-006
3.7248e-006
3.7376e-006
3.7504e-006
3.9296e-006
3.9424e-006
3.9552e-006
3.968e-006
4.3392e-006
4.352e-006
4.3648e-006
4.3776e-006
5.0048e-006
5.0304e-006
5.056e-006
5.1328e-006
6.15936e-006
6.17216e-006
6.18496e-006
6.21056e-006
9.85856e-006
1.01862e-005
1.0263e-005
1.03398e-005
4.032e-006
4.0448e-006
4.0576e-006
4.0704e-006
4.1728e-006
4.1984e-006
4.2112e-006
4.224e-006
8.768e-006
8.7808e-006
8.7936e-006
8.8064e-006
3.712e-006
3.7248e-006
3.7504e-006
3.7632e-006
3.8144e-006
3.8272e-006
3.84e-006
3.8528e-006
3.904e-006
3.9296e-006
3.9552e-006
3.9808e-006
5.64045e-005
5.664e-005
5.70906e-005
5.92819e-005
3.3792e-006
3.392e-006
3.4048e-006
3.4176e-006
3.5968e-006
3.6096e-006
3.6224e-006
3.6352e-006
3.7376e-006
3.7504e-006
3.776e-006
3.7888e-006
3.8144e-006
3.8272e-006
3.8272e-006
3.84e-006
1.3033e-005
1.30458e-005
1.30586e-005
1.30714e-005
3.6096e-006
3.6224e-006
3.6352e-006
3.648e-006
1.79789e-005
2.04877e-005
2.09229e-005
2.11789e-005
3.11296e-005
3.20051e-005
3.21792e-005
3.25325e-005
3.6096e-006
3.6224e-006
3.6352e-006
3.648e-006
3.5968e-006
3.6096e-006
3.6224e-006
3.6352e-006
2.14349e-005
2.15629e-005
2.17549e-005
2.18829e-005
2.21901e-005
2.22669e-005
2.23437e-005
2.24205e-005
6.86822e-005
3.97466e-005
3.99155e-005
4.00538e-005
4.01306e-005
3.392e-006
3.4048e-006
3.4176e-006
3.4304e-006
3.5968e-006
3.6096e-006
3.6224e-006
3.6352e-006
3.648e-006
3.6608e-006
3.6736e-006
3.6864e-006
9.61587e-005
0.00010679
0.000106985
2.56614e-005
2.57382e-005
2.5751e-005
2.57638e-005
0.000108009
0.00010805
0.000108086
0.000108163
3.5968e-006
3.6096e-006
3.6224e-006
3.6352e-006
8.6679e-005
8.70349e-005
8.75341e-005
8.75597e-005
0.000214423
0.000214653
3.5968e-006
3.6096e-006
3.6224e-006
3.6352e-006
0.00025929
0.000265375
3.03616e-005
3.03744e-005
3.03872e-005
3.04e-005
3.3792e-006
3.3792e-006
3.392e-006
3.392e-006
3.4048e-006
3.4048e-006
3.4176e-006
3.4176e-006
3.29574e-005
3.29702e-005
3.2983e-005
3.29958e-005
3.5968e-006
3.6096e-006
3.6224e-006
3.6352e-006
4.48e-006
4.4928e-006
4.5056e-006
4.5184e-006
9.95686e-005
9.9671e-005
9.99117e-005
0.000100035
3.66541e-005
3.66669e-005
3.66797e-005
3.66925e-005
3.5968e-006
3.5968e-006
3.6096e-006
3.6096e-006
3.6224e-006
3.6224e-006
3.6352e-006
3.6352e-006
6.6729e-005
6.68058e-005
6.68826e-005
6.68954e-005
4.13389e-005
4.13517e-005
4.13645e-005
4.13773e-005
3.54048e-006
3.55328e-006
3.56608e-006
3.57888e-006
3.7248e-006
3.7376e-006
3.7504e-006
3.7632e-006
3.78624e-006
3.79904e-006
3.81184e-006
3.82464e-006
3.5968e-006
3.6096e-006
3.6224e-006
3.6352e-006
6.99853e-005
7.01517e-005
8.96717e-005
5.07597e-005
5.07725e-005
5.07853e-005
5.08621e-005
5.23827e-005
5.24595e-005
5.24723e-005
5.24851e-005
0.000114199
3.5968e-006
3.5968e-006
3.6096e-006
3.6096e-006
3.6224e-006
3.6224e-006
3.6352e-006
3.6352e-006
3.3792e-006
3.392e-006
3.4048e-006
3.4176e-006
3.5968e-006
3.5968e-006
3.6096e-006
3.6096e-006
3.6224e-006
3.6224e-006
3.6352e-006
3.6352e-006
6.01856e-005
6.01984e-005
6.02112e-005
6.0224e-005
3.8272e-006
3.84e-006
3.8528e-006
3.8656e-006
3.5968e-006
3.6096e-006
3.6224e-006
3.6352e-006
3.712e-006
3.7248e-006
3.7376e-006
3.7504e-006
3.9296e-006
3.9424e-006
3.9552e-006
3.968e-006
4.3392e-006
4.352e-006
4.3648e-006
4.3776e-006
5.0048e-006
5.0304e-006
5.056e-006
5.1328e-006
6.15936e-006
6.17216e-006
6.18496e-006
6.21056e-006
9.85856e-006
1.01862e-005
1.0263e-005
1.03398e-005
4.032e-006
4.0448e-006
4.0576e-006
4.0704e-006
4.1728e-006
4.1984e-006
4.2112e-006
4.224e-006
8.768e-006
8.7808e-006
8.7936e-006
8.8064e-006
3.712e-006
3.7248e-006
3.7504e-006
3.7632e-006
3.8144e-006
3.8272e-006
3.84e-006
3.8528e-006
3.904e-006
3.9296e-006
3.9552e-006
3.9808e-006
5.64045e-005
5.664e-005
5.70906e-005
5.92819e-005
3.3792e-006
3.392e-006
3.4048e-006
3.4176e-006
3.5968e-006
3.6096e-006
3.6224e-006
3.6352e-006
3.7376e-006
3.7504e-006
3.776e-006
3.7888e-006
3.8144e-006
3.8272e-006
3.8272e-006
3.84e-006
1.3033e-005
1.30458e-005
1.30586e-005
1.30714e-005
3.6096e-006
3.6224e-006
3.6352e-006
3.648e-006
1.79789e-005
2.04877e-005
2.09229e-005
2.11789e-005
3.11296e-005
3.20051e-005
3.21792e-005
3.25325e-005
3.6096e-006
3.6224e-006
3.6352e-006
3.648e-006
3.5968e-006
3.6096e-006
3.6224e-006
3.6352e-006
2.14349e-005
2.15629e-005
2.17549e-005
2.18829e-005
2.21901e-005
2.22669e-005
2.23437e-005
2.24205e-005
6.86822e-005
3.97466e-005
3.99155e-005
4.00538e-005
4.01306e-005
3.392e-006
3.4048e-006
3.4176e-006
3.4304e-006
3.5968e-006
3.6096e-006
3.6224e-006
3.6352e-006
3.648e-006
3.6608e-006
3.6736e-006
3.6864e-006
9.61587e-005
0.00010679
0.000106985
2.56614e-005
2.57382e-005
2.5751e-005
2.57638e-005
0.000108009
0.00010805
0.000108086
0.000108163
3.5968e-006
3.6096e-006
3.6224e-006
3.6352e-006
8.6679e-005
8.70349e-005
8.75341e-005
8.75597e-005
0.000214423
0.000214653
3.5968e-006
3.6096e-006
3.6224e-006
3.6352e-006
0.00025929
0.000265375
3.03616e-005
3.03744e-005
3.03872e-005
3.04e-005
3.3792e-006
3.3792e-006
3.392e-006
3.392e-006
3.4048e-006
3.4048e-006
3.4176e-006
3.4176e-006
3.29574e-005
3.29702e-005
3.2983e-005
3.29958e-005
3.5968e-006
3.6096e-006
3.6224e-006
3.6352e-006
4.48e-006
4.4928e-006
4.5056e-006
4.5184e-006
9.95686e-005
9.9671e-005
9.99117e-005
0.000100035
3.66541e-005
3.66669e-005
3.66797e-005
3.66925e-005
3.5968e-006
3.5968e-006
3.6096e-006
3.6096e-006
3.6224e-006
3.6224e-006
3.6352e-006
3.6352e-006
6.6729e-005
6.68058e-005
6.68826e-005
6.68954e-005
4.13389e-005
4.13517e-005
4.13645e-005
4.13773e-005
3.54048e-006
3.55328e-006
3.56608e-006
3.57888e-006
3.7248e-006
3.7376e-006
3.7504e-006
3.7632e-006
3.78624e-006
3.79904e-006
3.81184e-006
3.82464e-006
3.5968e-006
3.6096e-006
3.6224e-006
3.6352e-006
6.99853e-005
7.01517e-005
8.96717e-005
5.07597e-005
5.07725e-005
5.07853e-005
5.08621e-005
5.23827e-005
5.24595e-005
5.24723e-005
5.24851e-005
0.000114199
3.5968e-006
3.5968e-006
3.6096e-006
3.6096e-006
3.6224e-006
3.6224e-006
3.6352e-006
3.6352e-006
3.3792e-006
3.392e-006
3.4048e-006
3.4176e-006
3.5968e-006
3.5968e-006
3.6096e-006
3.6096e-006
3.6224e-006
3.6224e-006
3.6352e-006
3.6352e-006
6.01856e-005
6.01984e-005
6.02112e-005
6.0224e-005
3.8272e-006
3.84e-006
3.8528e-006
3.8656e-006
3.5968e-006
3.6096e-006
3.6224e-006
3.6352e-006
3.712e-006
3.7248e-006
3.7376e-006
3.7504e-006
3.9296e-006
3.9424e-006
3.9552e-006
3.968e-006
4.3392e-006
4.352e-006
4.3648e-006
4.3776e-006
5.0048e-006
5.0304e-006
5.056e-006
5.1328e-006
6.15936e-006
6.17216e-006
6.18496e-006
6.21056e-006
9.85856e-006
1.01862e-005
1.0263e-005
1.03398e-005
4.032e-006
4.0448e-006
4.0576e-006
4.0704e-006
4.1728e-006
4.1984e-006
4.2112e-006
4.224e-006
8.768e-006
8.7808e-006
8.7936e-006
8.8064e-006
3.712e-006
3.7248e-006
3.7504e-006
3.7632e-006
3.8144e-006
3.8272e-006
3.84e-006
3.8528e-006
3.904e-006
3.9296e-006
3.9552e-006
3.9808e-006
5.64045e-005
5.664e-005
5.70906e-005
5.92819e-005
3.3792e-006
3.392e-006
3.4048e-006
3.4176e-006
3.5968e-006
3.6096e-006
3.6224e-006
3.6352e-006
3.7376e-006
3.7504e-006
3.776e-006
3.7888e-006
3.8144e-006
3.8272e-006
3.8272e-006
3.84e-006
1.3033e-005
1.30458e-005
1.30586e-005
1.30714e-005
3.6096e-006
3.6224e-006
3.6352e-006
3.648e-006
1.79789e-005
2.04877e-005
2.09229e-005
2.11789e-005
3.11296e-005
3.20051e-005
3.21792e-005
3.25325e-005
3.6096e-006
3.6224e-006
3.6352e-006
3.648e-006
3.5968e-006
3.6096e-006
3.6224e-006
3.6352e-006
2.14349e-005
2.15629e-005
2.17549e-005
2.18829e-005
2.21901e-005
2.22669e-005
2.23437e-005
2.24205e-005
6.86822e-005
3.97466e-005
3.99155e-005
4.00538e-005
4.01306e-005
3.392e-006
3.4048e-006
3.4176e-006
3.4304e-006
3.5968e-006
3.6096e-006
3.6224e-006
3.6352e-006
3.648e-006
3.6608e-006
3.6736e-006
3.6864e-006
9.61587e-005
0.00010679
0.000106985
2.56614e-005
2.57382e-005
2.5751e-005
2.57638e-005
0.000108009
0.00010805
0.000108086
0.000108163
3.5968e-006
3.6096e-006
3.6224e-006
3.6352e-006
8.6679e-005
8.70349e-005
8.75341e-005
8.75597e-005
0.000214423
0.000214653
3.5968e-006
3.6096e-006
3.6224e-006
3.6352e-006
0.00025929
0.000265375
3.03616e-005
3.03744e-005
3.03872e-005
3.04e-005
3.3792e-006
3.3792e-006
3.392e-006
3.392e-006
3.4048e-006
3.4048e-006
3.4176e-006
3.4176e-006
3.29574e-005
3.29702e-005
3.2983e-005
3.29958e-005
3.5968e-006
3.6096e-006
3.6224e-006
3.6352e-006
4.48e-006
4.4928e-006
4.5056e-006
4.5184e-006
9.95686e-005
9.9671e-005
9.99117e-005
0.000100035
3.66541e-005
3.66669e-005
3.66797e-005
3.66925e-005
3.5968e-006
3.5968e-006
3.6096e-006
3.6096e-006
3.6224e-006
3.6224e-006
3.6352e-006
3.6352e-006
6.6729e-005
6.68058e-005
6.68826e-005
6.68954e-005
4.13389e-005
4.13517e-005
4.13645e-005
4.13773e-005
3.54048e-006
3.55328e-006
3.56608e-006
3.57888e-006
3.7248e-006
3.7376e-006
3.7504e-006
3.7632e-006
3.78624e-006
3.79904e-006
3.81184e-006
3.82464e-006
3.5968e-006
3.6096e-006
3.6224e-006
3.6352e-006
6.99853e-005
7.01517e-005
8.96717e-005
5.07597e-005
5.07725e-005
5.07853e-005
5.08621e-005
5.23827e-005
5.24595e-005
5.24723e-005
5.24851e-005
0.000114199
3.5968e-006
3.5968e-006
3.6096e-006
3.6096e-006
3.6224e-006
3.6224e-006
3.6352e-006
3.6352e-006
3.3792e-006
3.392e-006
3.4048e-006
3.4176e-006
3.5968e-006
3.5968e-006
3.6096e-006
3.6096e-006
3.6224e-006
3.6224e-006
3.6352e-006
3.6352e-006
6.01856e-005
6.01984e-005
6.02112e-005
6.0224e-005
3.8272e-006
3.84e-006
3.8528e-006
3.8656e-006
6.05594e-005
6.06362e-005
6.0713e-005
6.07898e-005
3.5968e-006
3.6096e-006
3.6224e-006
3.6352e-006
0.000210872
0.000211205
0.000257219
0.000257398
0.000257577
0.000257756
6.3552e-005
6.35648e-005
6.35776e-005
6.35904e-005
3.5968e-006
3.6096e-006
3.6224e-006
3.6352e-006
0.000265108
0.000268972
6.6089e-005
6.61658e-005
6.61786e-005
6.61914e-005
6.75917e-005
6.76045e-005
6.76173e-005
3.6096e-006
3.6224e-006
3.6352e-006
3.648e-006
0.000125548
3.3792e-006
3.3792e-006
3.392e-006
3.392e-006
3.4048e-006
3.4048e-006
3.4176e-006
3.4176e-006
3.5968e-006
3.6096e-006
3.6224e-006
3.6352e-006
7.89197e-005
7.89325e-005
7.89453e-005
7.89581e-005
3.5968e-006
3.5968e-006
3.6096e-006
3.6096e-006
3.6096e-006
3.6224e-006
3.6224e-006
3.6224e-006
3.6352e-006
3.6352e-006
3.6352e-006
3.648e-006
0.000132063
0.000132396
0.000132728
7.64467e-005
7.65235e-005
7.65363e-005
7.65491e-005
8.04096e-005
8.04224e-005
8.04352e-005
8.0448e-005
3.3792e-006
3.392e-006
3.4048e-006
3.4176e-006
0.000148892
0.000149071
0.000149251
0.00014943
8.50509e-005
8.50637e-005
8.50765e-005
8.50893e-005
3.7504e-006
3.7632e-006
3.776e-006
3.7888e-006
3.97568e-006
3.98848e-006
4.00128e-006
4.01408e-006
8.67942e-005
8.6807e-005
8.68198e-005
8.68326e-005
8.7639e-005
8.77158e-005
8.77286e-005
8.77414e-005
0.000346327
4.40832e-006
4.43392e-006
4.44672e-006
4.45952e-006
3.60192e-006
3.61472e-006
3.62752e-006
3.64032e-006
6.0544e-006
6.0672e-006
6.08e-006
6.0928e-006
3.5968e-006
3.6096e-006
3.6224e-006
3.6352e-006
4.1344e-006
4.1472e-006
4.1728e-006
4.1856e-006
4.2112e-006
4.2368e-006
4.2496e-006
4.2624e-006
9.64403e-005
9.6553e-005
9.68422e-005
9.69677e-005
3.5968e-006
3.5968e-006
3.6096e-006
3.6096e-006
3.6224e-006
3.6224e-006
3.6352e-006
3.6352e-006
3.6864e-006
3.712e-006
3.7248e-006
3.7376e-006
9.8263e-005
9.83398e-005
9.83526e-005
9.83654e-005
9.93024e-005
3.3792e-006
3.392e-006
3.4048e-006
3.4176e-006
3.5968e-006
3.6096e-006
3.6224e-006
3.6352e-006
0.00010089
0.000100902
0.000100915
0.000100928
0.00010176
0.000101837
0.00010185
0.000101862
0.000103821
0.000104164
0.000104507
0.00010484
0.000148588
0.000103465
0.000103542
0.000103555
0.000103567
0.000104269
0.000104282
0.000104294
0.000104307
0.000104827
0.00010484
0.000104852
0.000104865
0.000196905
0.000198216
3.5968e-006
3.6096e-006
3.6224e-006
3.6352e-006
0.000188695
0.000188782
0.000188859
0.000188936
3.5968e-006
3.5968e-006
3.6096e-006
3.6096e-006
3.6224e-006
3.6224e-006
3.6352e-006
3.6352e-006
3.3792e-006
3.392e-006
3.4048e-006
3.4176e-006
3.5968e-006
3.6096e-006
3.6224e-006
3.6352e-006
0.000111462
0.000111475
0.000111898
0.000111974
0.000111987
0.000112
3.5968e-006
3.5968e-006
3.6096e-006
3.6096e-006
3.6096e-006
3.6224e-006
3.6224e-006
3.6224e-006
3.6352e-006
3.6352e-006
3.6352e-006
3.648e-006
0.000114488
0.000114509
0.000114565
0.000114578
0.000114586
0.000114591
0.000114598
0.000114611
0.000159081
0.000159588
0.000205448
0.000205524
0.000205601
0.000205614
0.000395643
0.000115727
0.000115804
0.000115817
0.00011583
0.00011713
0.000117207
0.00011722
0.000117233
3.5968e-006
3.6096e-006
3.6224e-006
3.6352e-006
3.712e-006
3.7248e-006
3.7376e-006
3.7504e-006
3.9296e-006
3.9424e-006
3.9552e-006
3.968e-006
4.3392e-006
4.352e-006
4.3648e-006
4.3776e-006
5.0048e-006
5.0304e-006
5.056e-006
5.1328e-006
6.15936e-006
6.17216e-006
6.18496e-006
6.21056e-006
9.85856e-006
1.01862e-005
1.0263e-005
1.03398e-005
4.032e-006
4.0448e-006
4.0576e-006
4.0704e-006
4.1472e-006
4.1728e-006
4.1856e-006
4.1984e-006
8.7936e-006
8.8064e-006
8.8192e-006
8.832e-006
3.712e-006
3.7248e-006
3.7504e-006
3.7632e-006
3.84e-006
3.8528e-006
3.8912e-006
3.904e-006
3.904e-006
3.9296e-006
3.9552e-006
3.9808e-006
3.87661e-005
3.91603e-005
3.98669e-005
4.16077e-005
3.3792e-006
3.392e-006
3.4048e-006
3.4176e-006
3.5968e-006
3.6096e-006
3.6224e-006
3.6352e-006
3.7376e-006
3.7504e-006
3.7888e-006
3.8016e-006
3.8144e-006
3.8272e-006
3.8272e-006
3.84e-006
1.3033e-005
1.30458e-005
1.30586e-005
1.30714e-005
3.6096e-006
3.6224e-006
3.6352e-006
3.648e-006
2.04979e-005
2.07027e-005
2.09075e-005
2.11686e-005
3.6096e-006
3.6224e-006
3.6352e-006
3.648e-006
3.74733e-005
4.34918e-005
3.5968e-006
3.6096e-006
3.6224e-006
3.6352e-006
2.14298e-005
2.1545e-005
2.1737e-005
2.1929e-005
2.2249e-005
2.23488e-005
2.24256e-005
2.2528e-005
3.5968e-006
3.6096e-006
3.6224e-006
3.6352e-006
3.6352e-006
3.648e-006
3.6608e-006
3.6736e-006
4.37504e-006
4.38784e-006
4.40064e-006
4.42624e-006
3.54739e-005
3.5735e-005
3.59859e-005
3.61651e-005
8.42214e-005
3.61984e-006
3.63264e-006
3.64544e-006
3.65824e-006
2.56742e-005
2.5687e-005
2.56998e-005
2.57126e-005
4.63872e-005
4.64845e-005
7.66874e-005
7.68026e-005
7.68794e-005
7.68794e-005
7.69562e-005
5.69754e-005
6.45888e-005
3.6224e-006
3.648e-006
3.6608e-006
3.6864e-006
3.3792e-006
3.3792e-006
3.392e-006
3.392e-006
3.4048e-006
3.4048e-006
3.4176e-006
3.4176e-006
3.0359e-005
3.03718e-005
3.03974e-005
3.04102e-005
0.000124726
0.000124731
3.5968e-006
3.6096e-006
3.6224e-006
3.6352e-006
4.3136e-006
4.3392e-006
4.3648e-006
4.3904e-006
3.33568e-005
3.37664e-005
3.40301e-005
3.41581e-005
0.000187712
0.00015393
3.5968e-006
3.6096e-006
3.6096e-006
3.6224e-006
3.6224e-006
3.6352e-006
3.6352e-006
3.648e-006
0.000193523
0.00021665
0.000217014
3.66464e-005
3.6672e-005
3.66976e-005
3.67104e-005
0.000114668
0.000115679
0.000116088
0.000116498
6.94477e-005
6.95245e-005
6.95373e-005
0.000256909
4.13133e-005
4.13901e-005
4.14029e-005
4.14157e-005
3.8144e-006
3.82464e-006
3.8272e-006
3.83744e-006
3.84e-006
3.85024e-006
3.8528e-006
3.86304e-006
3.99104e-006
4.00384e-006
4.01664e-006
4.02944e-006
3.63008e-006
3.64288e-006
3.65568e-006
3.66848e-006
0.000144622
3.5968e-006
3.6096e-006
3.6224e-006
3.6352e-006
3.6736e-006
3.6864e-006
3.6992e-006
3.712e-006
5.20448e-005
5.21216e-005
5.24288e-005
5.24544e-005
5.24672e-005
5.248e-005
9.83194e-005
9.84474e-005
9.86624e-005
9.87904e-005
3.3792e-006
3.392e-006
3.4048e-006
3.4176e-006
3.5968e-006
3.5968e-006
3.6096e-006
3.6096e-006
3.6224e-006
3.6224e-006
3.6352e-006
3.6352e-006
9.96941e-005
0.000100856
3.84e-006
3.8528e-006
3.8656e-006
3.8784e-006
6.01728e-005
6.01984e-005
6.0224e-005
6.02368e-005
3.5968e-006
3.6096e-006
3.6224e-006
3.6352e-006
6.05594e-005
6.06362e-005
6.0713e-005
6.07898e-005
3.5968e-006
3.6096e-006
3.6224e-006
3.6352e-006
4.32384e-006
4.33664e-006
4.34944e-006
4.36224e-006
6.98675e-005
6.98803e-005
6.98931e-005
6.99059e-005
3.3792e-006
3.3792e-006
3.392e-006
3.392e-006
3.4048e-006
3.4048e-006
3.4176e-006
3.4176e-006
3.5968e-006
3.6096e-006
3.6224e-006
3.6352e-006
6.61274e-005
6.61402e-005
6.6153e-005
6.89178e-005
3.5968e-006
3.5968e-006
3.6096e-006
3.6096e-006
3.6096e-006
3.6224e-006
3.6224e-006
3.6224e-006
3.6352e-006
3.6352e-006
3.6352e-006
3.648e-006
7.62675e-005
7.63443e-005
7.63571e-005
7.63699e-005
0.000151345
0.000151421
0.000151511
0.000151588
7.64467e-005
7.65235e-005
7.65363e-005
7.65491e-005
0.000290066
3.3792e-006
3.392e-006
3.4048e-006
3.4176e-006
0.000290813
0.00029154
0.000291894
0.000114614
0.000114767
0.000115013
3.51232e-006
3.52512e-006
3.53792e-006
3.55072e-006
3.712e-006
3.7248e-006
3.7376e-006
3.7504e-006
0.000302584
0.000303813
8.10752e-005
8.1088e-005
8.11008e-005
8.11136e-005
0.000308396
8.5056e-005
8.50688e-005
8.50816e-005
8.50944e-005
3.7504e-006
3.7632e-006
3.776e-006
3.7888e-006
3.6992e-006
3.712e-006
3.7248e-006
3.7376e-006
4.41344e-006
4.42624e-006
4.43904e-006
4.45184e-006
8.7639e-005
8.77158e-005
8.77286e-005
8.77414e-005
9.54854e-005
9.55725e-005
0.000166653
3.712e-006
3.7248e-006
3.7504e-006
3.7632e-006
3.9296e-006
3.9424e-006
3.968e-006
3.9808e-006
4.5696e-006
4.5824e-006
4.608e-006
4.6336e-006
0.000140864
0.000141263
3.5968e-006
3.5968e-006
3.5968e-006
3.6096e-006
3.6096e-006
3.6096e-006
3.6224e-006
3.6224e-006
3.6224e-006
3.6352e-006
3.6352e-006
3.6352e-006
9.49146e-005
9.49274e-005
9.49402e-005
9.4953e-005
3.3792e-006
3.392e-006
3.4048e-006
3.4176e-006
3.5968e-006
3.6096e-006
3.6224e-006
3.6352e-006
0.000238776
0.000238876
9.82758e-005
9.83014e-005
9.8327e-005
9.83526e-005
9.85907e-005
9.86035e-005
9.86803e-005
9.87571e-005
3.5968e-006
3.6096e-006
3.6224e-006
3.6352e-006
0.000479672
0.00010089
0.000100915
0.000100941
0.000100954
0.000101972
0.000102049
0.000102062
0.000102075
3.5968e-006
3.6096e-006
3.6224e-006
3.6352e-006
3.6352e-006
3.648e-006
3.6608e-006
3.6736e-006
0.000103529
0.000103542
0.000103567
0.00010358
0.000105523
0.000105536
0.000105549
0.000105574
3.392e-006
3.4048e-006
3.4176e-006
3.4304e-006
3.5968e-006
3.6096e-006
3.6224e-006
3.6352e-006
0.00035532
3.6736e-006
3.6864e-006
3.6992e-006
3.712e-006
3.8144e-006
3.8272e-006
3.8528e-006
3.8784e-006
4.70016e-006
4.71296e-006
4.72576e-006
4.75136e-006
0.000349079
0.000172306
0.000173985
0.000112558
0.000112635
0.000112648
0.00011266
3.3792e-006
3.392e-006
3.4048e-006
3.4176e-006
3.5968e-006
3.5968e-006
3.6096e-006
3.6096e-006
3.6224e-006
3.6224e-006
3.6352e-006
3.6352e-006
0.000114509
0.000114514
0.000114527
0.00011454
0.000114552
0.000114586
0.000114598
0.000114611
3.648e-006
3.6608e-006
3.6736e-006
3.6864e-006
0.000236777
0.000237642
0.000115727
0.000115804
0.000115817
0.00011583
0.00011713
0.000117207
0.00011722
0.000117233
0.000118047
0.00011806
0.000118072
0.000118085
0.000241188
0.000241841
0.00024299
3.58656e-006
3.5968e-006
3.5968e-006
3.59936e-006
3.6096e-006
3.6096e-006
3.61216e-006
3.6224e-006
3.6224e-006
3.62496e-006
3.6352e-006
3.6352e-006
4.19328e-006
4.20608e-006
4.21888e-006
4.23168e-006
3.5968e-006
3.6096e-006
3.61216e-006
3.6224e-006
3.62496e-006
3.6352e-006
3.63776e-006
3.65056e-006
3.6992e-006
3.7248e-006
3.7504e-006
3.7632e-006
4.12672e-006
4.13952e-006
4.15232e-006
4.16512e-006
3.4816e-006
3.4944e-006
3.5072e-006
3.52e-006
3.7504e-006
3.7632e-006
3.776e-006
3.7888e-006
0.000313111
3.7504e-006
3.776e-006
3.8016e-006
3.8272e-006
3.8912e-006
3.904e-006
3.9168e-006
3.9296e-006
3.6608e-006
3.6736e-006
3.6864e-006
3.6992e-006
0.000320251
0.000321761
0.000322022
0.000243487
0.000243564
0.000243576
0.000243653
3.5968e-006
3.6096e-006
3.6224e-006
3.6352e-006
0.000441864
0.000442258
0.000442365
0.000443031
0.000137014
0.000137027
0.000137027
0.000137039
0.000137039
0.000137052
3.71968e-006
3.73248e-006
3.74528e-006
3.75808e-006
0.000337641
3.6352e-006
3.648e-006
3.6608e-006
3.6736e-006
4.6464e-006
4.6848e-006
4.6976e-006
4.7232e-006
0.000398011
0.0002815
0.000142213
0.000142226
0.000142239
0.000142252
3.6736e-006
3.6864e-006
3.6992e-006
3.712e-006
0.000461688
0.000278226
0.000278264
0.000143749
0.000143826
0.000143839
0.000143852
0.000144461
0.000144466
0.000144538
0.000144543
0.00014455
0.000144556
0.000144563
0.000144568
4.7104e-006
4.7232e-006
4.736e-006
4.7488e-006
0.000148751
0.000148764
0.000148777
0.00014879
0.00026762
0.000267937
0.000268111
3.77856e-006
3.79136e-006
3.80416e-006
3.81696e-006
3.3792e-006
3.3792e-006
3.392e-006
3.392e-006
3.4048e-006
3.4048e-006
3.4176e-006
3.4176e-006
0.000396611
0.000275315
0.000277752
3.60448e-006
3.61728e-006
3.63008e-006
3.64288e-006
3.82464e-006
3.83744e-006
3.85024e-006
3.86304e-006
0.000398781
0.000405028
0.000165268
0.000165678
0.000166464
0.000166817
3.5968e-006
3.6096e-006
3.6224e-006
3.6352e-006
0.000497958
0.000500012
0.000500457
0.00044065
0.000441119
0.000288975
0.000289208
0.000289285
0.000612204
0.000617198
3.5968e-006
3.6096e-006
3.6224e-006
3.6352e-006
3.84e-006
3.8528e-006
3.8656e-006
3.8784e-006
0.000439949
0.000440026
0.000621304
0.000162063
0.000162076
0.000162089
0.000162102
0.000459069
0.000459397
0.000459551
0.000337882
0.000337894
0.000297029
0.00033801
0.000297106
0.000297183
0.00029726
0.000422106
0.000730908
0.000168399
0.000168425
0.000168438
0.000168451
3.9936e-006
4.0064e-006
4.0192e-006
4.032e-006
3.3792e-006
3.392e-006
3.4048e-006
3.4176e-006
0.000170762
0.000170839
0.000170852
0.000170865
0.000568428
3.5968e-006
3.5968e-006
3.6096e-006
3.6096e-006
3.6224e-006
3.6224e-006
3.6352e-006
3.6352e-006
0.000274112
0.000275259
0.000275668
0.000275827
0.000433574
3.6608e-006
3.6736e-006
3.6864e-006
3.6992e-006
0.000175304
0.000175316
0.000175329
0.000175342
0.000775017
3.5968e-006
3.6096e-006
3.6224e-006
3.6352e-006
3.6864e-006
3.6992e-006
3.712e-006
3.7248e-006
4.0576e-006
4.0704e-006
4.096e-006
4.1088e-006
3.6736e-006
3.6864e-006
3.6864e-006
3.6992e-006
3.6992e-006
3.712e-006
3.712e-006
3.7376e-006
0.000179712
0.000179725
0.000179738
0.00017975
0.000892992
0.000904228
3.5968e-006
3.5968e-006
3.6096e-006
3.6096e-006
3.6224e-006
3.6224e-006
3.6352e-006
3.6352e-006
3.7376e-006
3.7504e-006
3.7632e-006
3.776e-006
0.000604001
0.000185405
0.000185462
0.000185482
0.000185495
0.000185508
0.000189724
0.000189737
0.00018975
0.000190541
0.000190618
0.00019063
0.000190643
6.7456e-006
6.7712e-006
6.784e-006
6.7968e-006
6.8096e-006
6.8224e-006
6.8352e-006
6.848e-006
0.000606661
3.5968e-006
3.6096e-006
3.6096e-006
3.6096e-006
3.6224e-006
3.6224e-006
3.6224e-006
3.6352e-006
3.6352e-006
3.6352e-006
3.648e-006
3.648e-006
0.000681098
0.00068202
0.000630313
0.000198354
0.000198431
0.000198444
0.000198456
0.000816709
0.000757135
3.5968e-006
3.6096e-006
3.6224e-006
3.6224e-006
3.6352e-006
3.6352e-006
3.648e-006
3.6608e-006
0.000198282
0.000198359
0.000198372
0.000198385
0.000200827
0.000200904
0.000200916
0.000200929
3.42016e-006
3.43296e-006
3.44576e-006
3.45856e-006
0.000982093
0.000982592
0.000982886
0.000925117
3.6352e-006
3.648e-006
3.648e-006
3.6608e-006
3.6608e-006
3.6736e-006
3.6736e-006
3.6864e-006
3.93472e-006
3.94752e-006
3.96032e-006
3.97312e-006
4.0832e-006
4.096e-006
4.1088e-006
4.1216e-006
0.000517097
0.000517271
0.000929027
0.000222016
0.000222118
0.000222835
0.000223795
0.000203459
0.000203535
0.000203548
0.000203561
0.000206019
0.000206031
0.000206057
0.00020607
3.7376e-006
3.7504e-006
3.7632e-006
3.776e-006
0.000213458
0.000213535
0.000213548
0.00021356
0.000791547
0.000206054
0.000206131
0.000206144
0.000206157
3.6224e-006
3.6352e-006
3.648e-006
3.6608e-006
4.05248e-006
4.06528e-006
4.07808e-006
4.09088e-006
0.000750994
0.000752489
0.000570176
0.000570253
0.000800819
0.000800922
0.00053535
0.000535606
0.000535695
0.000535926
3.96288e-006
3.97568e-006
3.98848e-006
4.00128e-006
4.3008e-006
4.3136e-006
4.3264e-006
4.352e-006
0.000377766
0.00037793
0.000378217
0.000207386
0.000207398
0.000207411
0.000207424
3.7376e-006
3.7504e-006
3.7632e-006
3.776e-006
3.7632e-006
3.776e-006
3.7888e-006
3.8016e-006
3.5968e-006
3.6096e-006
3.6224e-006
3.6352e-006
3.5968e-006
3.6096e-006
3.6224e-006
3.6352e-006
0.000907901
0.00084299
0.000844506
0.000845422
3.3792e-006
3.392e-006
3.4048e-006
3.4176e-006
3.52e-006
3.5328e-006
3.5456e-006
3.5584e-006
3.5968e-006
3.6096e-006
3.6096e-006
3.6224e-006
3.6224e-006
3.6352e-006
3.6352e-006
3.648e-006
0.000221051
0.000221128
0.00022114
0.000221153
3.6096e-006
3.6224e-006
3.6352e-006
3.648e-006
3.5968e-006
3.6096e-006
3.6224e-006
3.6352e-006
3.9936e-006
4.0064e-006
4.0192e-006
4.032e-006
0.00116746
0.000225528
0.000225541
0.000225554
0.000225567
3.5968e-006
3.6096e-006
3.6224e-006
3.6352e-006
0.000602639
0.000996511
0.000594184
0.000594368
3.5968e-006
3.6096e-006
3.6224e-006
3.6352e-006
0.000373146
0.000373184
0.000373325
0.000373363
0.000260042
0.000260055
0.000260132
0.000260145
0.00061442
0.000616366
0.000617283
3.5968e-006
3.6096e-006
3.6224e-006
3.6352e-006
0.000621706
0.000233306
0.000233318
0.000233331
0.000233344
0.000606666
0.000606743
0.00060682
0.000606897
0.000240988
0.000241065
0.000241078
0.000241091
3.6224e-006
3.6352e-006
3.648e-006
3.6608e-006
0.00129575
0.000240486
0.000240563
0.000240576
0.000240589
0.00119236
0.00119277
0.00107492
0.000446638
0.000447153
0.000447396
0.000447903
0.000640141
0.000640307
0.000641075
0.000641242
0.000243625
0.000243702
0.000243715
0.000243727
0.000246292
0.000246369
0.000246446
0.000246523
3.6608e-006
3.6736e-006
3.6864e-006
3.6992e-006
0.00153631
3.5968e-006
3.5968e-006
3.6096e-006
3.6096e-006
3.6224e-006
3.6224e-006
3.6224e-006
3.6352e-006
3.6352e-006
3.6352e-006
3.648e-006
3.6736e-006
3.6992e-006
3.712e-006
3.7376e-006
3.7504e-006
0.000251745
0.000251822
0.000251835
0.000251848
0.000276913
0.000277409
0.000277706
0.000278013
0.000251612
0.000251625
0.000262605
0.000262771
3.6096e-006
3.6224e-006
3.6352e-006
3.648e-006
0.000256302
0.000256315
0.000256328
0.00025634
0.000256771
0.000256796
0.000256809
0.000256835
0.00085164
0.000851896
0.000852152
0.000852408
3.3792e-006
3.392e-006
3.4048e-006
3.4176e-006
0.000264018
0.000264095
0.000264108
0.00026412
3.5968e-006
3.6096e-006
3.6224e-006
3.6352e-006
3.65312e-006
3.66592e-006
3.67872e-006
3.69152e-006
0.000898184
0.000266614
0.000266691
0.000266703
0.000266716
3.5968e-006
3.6096e-006
3.6224e-006
3.6352e-006
0.000271816
0.000271828
0.000271841
0.000271854
3.3792e-006
3.392e-006
3.4048e-006
3.4176e-006
3.5968e-006
3.6096e-006
3.6224e-006
3.6352e-006
3.6224e-006
3.6352e-006
3.648e-006
3.6608e-006
0.000276987
0.000277064
0.000277076
0.000277089
0.00100029
3.44576e-006
3.45856e-006
3.47136e-006
3.48416e-006
3.5968e-006
3.6096e-006
3.6224e-006
3.6352e-006
0.000303173
0.000303624
0.000303921
0.00100693
3.5968e-006
3.5968e-006
3.5968e-006
3.6096e-006
3.6096e-006
3.6096e-006
3.6224e-006
3.6224e-006
3.6224e-006
3.6352e-006
3.6352e-006
3.6352e-006
3.648e-006
3.6608e-006
3.6736e-006
3.6864e-006
4.79744e-006
4.81024e-006
4.82304e-006
4.83584e-006
0.00101037
0.00101106
0.00103554
3.6096e-006
3.6224e-006
3.6352e-006
3.648e-006
0.00029057
0.000290647
0.00029066
0.000290673
3.5968e-006
3.6096e-006
3.6096e-006
3.6224e-006
3.6224e-006
3.6352e-006
3.6352e-006
3.648e-006
3.8912e-006
3.904e-006
3.9168e-006
3.9424e-006
4.11648e-006
4.12928e-006
4.14208e-006
4.15488e-006
3.6096e-006
3.6224e-006
3.6352e-006
3.648e-006
3.8656e-006
3.8784e-006
3.8912e-006
3.9168e-006
3.5968e-006
3.5968e-006
3.6096e-006
3.6096e-006
3.6224e-006
3.6224e-006
3.6352e-006
3.6352e-006
0.000291057
0.000291062
0.000291133
0.000291139
0.000291146
0.000291151
0.000291159
0.000291164
0.00029439
0.000294467
0.000294479
0.000294492
0.00115592
0.00114628
0.000451776
0.000451868
0.000452293
3.6096e-006
3.6096e-006
3.6224e-006
3.6224e-006
3.6224e-006
3.6352e-006
3.6352e-006
3.6352e-006
3.648e-006
3.648e-006
3.648e-006
3.6608e-006
4.2752e-006
4.288e-006
4.3008e-006
4.3136e-006
0.000293412
0.000293478
0.000293489
0.000293632
0.000293642
0.000293709
0.000293719
0.000293722
0.00181451
0.00181459
0.00181466
0.00181599
0.000469517
0.000470313
3.3792e-006
3.392e-006
3.4048e-006
3.4176e-006
3.5968e-006
3.6096e-006
3.6096e-006
3.6224e-006
3.6224e-006
3.6352e-006
3.6352e-006
3.648e-006
0.000295324
0.000295337
0.00029535
0.000608566
0.000609242
0.000609318
0.000610132
0.000303493
0.00030357
0.000303583
0.000303596
3.5968e-006
3.6096e-006
3.6224e-006
3.6352e-006
3.6992e-006
3.712e-006
3.7248e-006
3.7248e-006
3.7376e-006
3.7376e-006
3.7632e-006
3.7888e-006
3.8912e-006
3.904e-006
3.9168e-006
3.9296e-006
3.6736e-006
3.6864e-006
3.6992e-006
3.712e-006
4.16e-006
4.1728e-006
4.1856e-006
4.1984e-006
0.000308675
0.000308751
0.000308764
0.000308777
3.5968e-006
3.5968e-006
3.6096e-006
3.6096e-006
3.6096e-006
3.6224e-006
3.6224e-006
3.6224e-006
3.6352e-006
3.6352e-006
3.6352e-006
3.648e-006
0.0010938
0.00109388
0.00109395
0.000303429
0.000303442
0.000303455
3.5968e-006
3.5968e-006
3.6096e-006
3.6096e-006
3.6224e-006
3.6224e-006
3.6352e-006
3.6352e-006
3.6992e-006
3.712e-006
3.7248e-006
3.7376e-006
0.000333376
0.00101807
0.00101866
0.00101874
0.00101884
0.00049483
0.000310789
3.5968e-006
0.000310802
3.6096e-006
3.6224e-006
3.6352e-006
0.000495823
0.000495992
0.000496801
3.5968e-006
3.5968e-006
3.5968e-006
3.6096e-006
3.6096e-006
3.6096e-006
3.6224e-006
3.6224e-006
3.6224e-006
3.6352e-006
3.6352e-006
3.6352e-006
0.000341245
0.000341322
0.000320916
0.000341399
0.000341412
0.000320993
0.000321006
0.000321019
0.000342039
0.000342474
0.000342674
0.000342884
0.000342897
0.000471427
3.3792e-006
3.392e-006
3.4048e-006
3.4176e-006
3.5968e-006
3.6096e-006
3.6224e-006
3.6352e-006
0.000314189
0.000314202
0.000314214
0.000314227
3.6096e-006
3.6224e-006
3.6352e-006
3.648e-006
0.000322278
0.000322355
0.000322368
0.000322381
3.5968e-006
3.6096e-006
3.6224e-006
3.6352e-006
0.000327985
0.000327997
0.000328023
0.000328036
0.000328061
0.000328074
0.000328087
0.0003281
3.5968e-006
3.6096e-006
3.6224e-006
3.6352e-006
3.6992e-006
3.712e-006
3.7248e-006
3.7376e-006
0.000779005
0.000779172
0.000779364
0.000779599
3.5968e-006
3.6096e-006
3.6224e-006
3.6352e-006
3.8016e-006
3.8272e-006
3.84e-006
3.8528e-006
0.000619866
0.000624499
0.00100234
0.00100235
0.00032671
0.000326723
0.000326735
0.000326748
0.00100288
3.5968e-006
3.6096e-006
3.6224e-006
3.6352e-006
0.000331597
0.000331674
0.000331686
0.000331699
0.00150193
0.000334789
0.000334802
0.000334815
0.000334828
0.000362688
0.000362778
0.000362867
0.00036331
3.8016e-006
3.8144e-006
3.8272e-006
3.84e-006
3.5968e-006
3.6096e-006
3.6096e-006
3.6224e-006
3.6224e-006
3.6352e-006
3.6352e-006
3.648e-006
0.000530332
3.5968e-006
3.6096e-006
3.6096e-006
3.6224e-006
3.6224e-006
3.6352e-006
3.6352e-006
3.648e-006
0.00034111
0.000341187
0.000341199
0.00181576
0.000341212
0.00181606
0.00036906
0.000369188
0.00036929
0.000369636
0.0011071
0.000370327
0.000370501
0.00110794
0.00110802
0.00037119
0.00110868
0.000371684
3.5968e-006
3.6096e-006
3.6224e-006
3.6352e-006
0.000876808
0.000877279
0.000877519
0.00110352
0.000878661
3.3792e-006
3.392e-006
3.4048e-006
3.4176e-006
0.000338959
0.00197737
0.000339036
0.000339049
0.00197745
0.000339062
0.00197746
0.000344026
0.000344051
0.000344064
0.000344077
3.3792e-006
3.392e-006
3.4048e-006
3.4176e-006
3.6096e-006
3.6224e-006
3.6352e-006
3.648e-006
3.6992e-006
3.712e-006
3.7248e-006
3.7248e-006
3.7376e-006
3.7376e-006
3.7504e-006
3.7632e-006
0.000626053
0.00062636
0.000626604
0.000626847
0.000629919
0.000629996
3.5968e-006
3.6096e-006
3.6224e-006
3.6352e-006
0.000348516
0.000348529
0.000348541
0.000348554
0.000658737
3.3792e-006
3.392e-006
3.4048e-006
3.4176e-006
3.5968e-006
3.5968e-006
3.6096e-006
3.6096e-006
3.6224e-006
3.6224e-006
3.6352e-006
3.6352e-006
0.000346721
0.000346798
0.000346811
0.000346824
3.5968e-006
3.6096e-006
3.6224e-006
3.6224e-006
3.6352e-006
3.6352e-006
3.648e-006
3.6608e-006
0.00113992
0.00114037
0.001141
0.00114563
0.000839255
3.5968e-006
3.6096e-006
3.6224e-006
3.6352e-006
3.8272e-006
3.84e-006
3.84512e-006
3.8528e-006
3.85792e-006
3.8656e-006
3.87072e-006
3.88352e-006
4.1088e-006
4.1216e-006
4.1472e-006
4.16e-006
3.3792e-006
3.392e-006
3.4048e-006
3.4176e-006
3.5968e-006
3.6096e-006
3.6224e-006
3.6352e-006
3.9552e-006
3.968e-006
3.9808e-006
3.9936e-006
0.00150003
0.00217599
0.000381857
0.00038187
0.000381883
0.000381972
0.0015801
3.5968e-006
3.6096e-006
3.6224e-006
3.6352e-006
3.7504e-006
3.7632e-006
3.776e-006
3.7888e-006
0.000356964
0.000357041
0.000357053
0.000357066
0.000673129
0.000674552
0.000674721
0.00068236
0.000359921
0.000363671
0.000363684
0.000363697
0.000363709
0.000364948
0.000365025
0.000365038
0.000365051
3.94752e-006
3.96032e-006
3.97312e-006
3.98592e-006
0.000743414
0.000743841
0.000744082
0.00086711
0.00086729
0.000744563
0.000869005
0.000871268
0.00056619
0.000690132
0.000690865
0.000691743
0.000691948
3.6224e-006
3.6352e-006
3.648e-006
3.6608e-006
0.000396311
0.000396444
0.0015455
0.000588941
0.00036415
0.000364227
0.000364239
0.000364252
3.6608e-006
3.6736e-006
3.6864e-006
3.712e-006
4.5312e-006
4.5568e-006
4.5696e-006
4.5824e-006
3.3792e-006
3.392e-006
3.4048e-006
3.4176e-006
3.5968e-006
3.6096e-006
3.6096e-006
3.6224e-006
3.6224e-006
3.6352e-006
3.6352e-006
3.648e-006
0.000364419
0.000364431
0.000364444
3.5968e-006
3.60448e-006
3.6096e-006
3.61728e-006
3.6224e-006
3.63008e-006
3.6352e-006
3.64288e-006
3.7632e-006
3.776e-006
3.7888e-006
3.8016e-006
0.00240691
0.00199867
3.5968e-006
3.6096e-006
3.6224e-006
3.6352e-006
0.000393226
0.00169577
0.00169997
3.4304e-006
3.4432e-006
3.456e-006
3.4688e-006
0.00233929
0.00169299
0.000980989
3.5968e-006
3.6096e-006
3.6224e-006
3.6352e-006
0.000924337
0.000926036
0.000926113
0.000423726
0.000423995
0.000424443
0.00126694
0.00126726
0.00126743
0.0012675
3.7248e-006
3.7376e-006
3.7504e-006
3.7632e-006
0.000784704
0.00255124
0.00175626
3.648e-006
3.6608e-006
3.6736e-006
3.6864e-006
0.00038902
3.3792e-006
3.392e-006
3.4048e-006
3.4176e-006
3.67872e-006
3.69152e-006
3.70432e-006
3.71712e-006
3.5968e-006
3.5968e-006
3.6096e-006
3.6096e-006
3.6224e-006
3.6224e-006
3.6352e-006
3.6352e-006
0.0021118
3.7632e-006
3.776e-006
3.7888e-006
3.8016e-006
4.224e-006
4.2368e-006
4.2496e-006
4.2624e-006
4.27776e-006
4.29056e-006
4.30336e-006
4.31616e-006
0.000399862
0.000399887
0.0003999
0.000399913
0.000401044
0.000401121
0.000401134
0.000401147
0.00136346
0.000403374
0.00136594
0.000403451
0.000403492
0.000403569
0.000403604
0.000403645
0.000403681
0.000403722
3.6096e-006
3.6224e-006
3.6352e-006
3.648e-006
3.92704e-006
3.93984e-006
3.95264e-006
3.97824e-006
4.0704e-006
4.0832e-006
4.096e-006
4.1088e-006
0.00040884
0.000408852
0.000408865
0.000408891
0.00105525
0.00105558
0.00105591
0.00105613
0.00114024
0.00137128
0.000652316
0.000408289
0.000408366
0.000408379
0.000408392
0.00100413
0.00197595
3.5968e-006
3.6096e-006
3.6224e-006
3.6352e-006
0.000848008
0.00115813
0.00116653
0.000410964
0.000411041
0.000411054
0.000411067
0.000452308
0.000452524
0.0004526
0.000452841
3.6096e-006
3.6224e-006
3.6352e-006
3.648e-006
3.5968e-006
3.6096e-006
3.6096e-006
3.6224e-006
3.6224e-006
3.6352e-006
3.6352e-006
3.648e-006
3.6096e-006
3.6224e-006
3.6352e-006
3.648e-006
0.00157178
0.00157232
3.6992e-006
3.712e-006
3.7248e-006
3.7376e-006
0.00264194
0.000429619
0.000429624
0.000429632
0.000429645
0.00042965
0.000429658
0.000429663
0.000429676
0.00110655
0.00110657
0.00110664
3.6096e-006
3.6224e-006
3.6352e-006
3.648e-006
4.04736e-006
4.06016e-006
4.08576e-006
4.09856e-006
0.00043177
0.000431782
0.000431795
0.000431808
0.00190757
0.000433449
0.000433462
0.000433475
0.000433487
0.000781862
3.69408e-006
3.70688e-006
3.71968e-006
3.73248e-006
0.00078217
0.000782477
0.000430152
0.000430164
0.000430177
0.00043019
0.000799565
0.000800289
3.5968e-006
3.5968e-006
3.6096e-006
3.6096e-006
3.6096e-006
3.6224e-006
3.6224e-006
3.6224e-006
3.6224e-006
3.6352e-006
3.6352e-006
3.6352e-006
3.6352e-006
3.648e-006
3.648e-006
3.6608e-006
0.000802565
4.0448e-006
4.0576e-006
4.0704e-006
4.0832e-006
0.000865485
0.000866319
0.000867707
0.000868152
0.00043862
0.000438633
0.000438646
0.000438659
3.9296e-006
3.9424e-006
3.9552e-006
3.968e-006
4.09344e-006
4.10624e-006
4.11904e-006
4.14464e-006
4.61056e-006
4.62336e-006
4.63616e-006
4.64896e-006
0.000439501
0.000439578
0.000480545
0.00043959
0.000439603
0.000480653
0.000480817
0.000480934
3.61472e-006
3.62752e-006
3.64032e-006
3.648e-006
3.65312e-006
3.6608e-006
3.6736e-006
3.6864e-006
4.2624e-006
4.2752e-006
4.288e-006
4.3008e-006
0.00044352
0.000443597
0.00044361
0.000443622
0.0012248
3.63008e-006
3.64288e-006
3.65568e-006
3.66848e-006
3.3792e-006
3.392e-006
3.4176e-006
3.4304e-006
0.000803617
0.000804308
0.000805384
0.000806817
0.00273213
0.00273228
0.00273236
0.00273454
4.22656e-006
4.23936e-006
4.26496e-006
4.29056e-006
0.00113521
0.00113573
0.000448026
0.000448102
0.000448115
0.000448128
3.6352e-006
3.648e-006
3.6608e-006
3.6864e-006
4.0448e-006
4.0704e-006
4.0832e-006
4.096e-006
0.00125979
3.6096e-006
3.6224e-006
3.6352e-006
3.648e-006
3.5968e-006
3.5968e-006
3.6096e-006
3.6096e-006
3.6224e-006
3.6224e-006
3.6352e-006
3.6352e-006
0.000458245
0.000458322
0.000458335
0.000458348
0.00244769
3.4432e-006
3.456e-006
3.4688e-006
3.4816e-006
3.6096e-006
3.6224e-006
3.6352e-006
3.648e-006
0.0028178
0.00281788
0.000732813
0.00123436
0.00125136
3.3792e-006
3.392e-006
3.4048e-006
3.4176e-006
0.00285341
0.00162654
0.00162735
0.00222576
0.000465508
0.000465521
0.000465546
0.000465559
0.00120992
0.000924293
0.000924588
3.73248e-006
3.74528e-006
3.75808e-006
3.77088e-006
0.000925484
0.00092638
0.000469908
0.000469921
0.000469934
0.000469947
3.5968e-006
3.6096e-006
3.6224e-006
3.6352e-006
0.00107865
0.00107928
0.000473216
0.000473229
0.000473242
0.000473254
3.6096e-006
3.6224e-006
3.6352e-006
3.648e-006
3.93728e-006
3.95008e-006
3.96288e-006
3.97568e-006
0.000475802
0.000475878
0.000475891
0.000475904
0.00234881
0.00151797
0.00151815
0.000476321
0.000476334
0.00047636
0.00123666
0.003142
0.000736627
0.000736717
0.000482898
0.000482975
0.000482988
0.000483
3.6096e-006
3.6224e-006
3.6352e-006
3.648e-006
3.82464e-006
3.83744e-006
3.85024e-006
3.86304e-006
4.11136e-006
4.12416e-006
4.13696e-006
4.14976e-006
0.000886088
0.000887342
0.000888596
0.000890043
3.6096e-006
3.6224e-006
3.6352e-006
3.648e-006
0.00158967
0.00158974
0.00158982
0.00158983
0.00112922
0.00112932
3.5968e-006
3.6096e-006
3.6224e-006
3.6352e-006
0.00113061
0.00161391
3.6096e-006
3.6224e-006
3.6352e-006
3.648e-006
0.00100897
0.00100924
0.00100952
0.000492493
0.000492564
0.00049257
0.000492582
0.000492595
0.000492641
0.000492654
0.000492667
3.6096e-006
3.6224e-006
3.6352e-006
3.648e-006
0.000520131
0.000520302
0.000520471
3.5968e-006
3.6096e-006
3.6224e-006
3.6224e-006
3.6352e-006
3.6352e-006
3.648e-006
3.6608e-006
3.6736e-006
3.6864e-006
3.6992e-006
3.712e-006
4.30848e-006
4.32128e-006
4.33408e-006
4.34688e-006
0.0013239
3.3792e-006
3.4048e-006
3.4176e-006
3.4304e-006
3.5968e-006
3.6096e-006
3.6224e-006
3.6352e-006
0.000761738
0.000761964
0.00076276
0.000763676
0.000499866
0.000499942
0.000499955
0.000499968
0.00163063
0.00163097
0.000918446
3.6224e-006
3.6352e-006
3.648e-006
3.6608e-006
3.5968e-006
3.6096e-006
3.6224e-006
3.6224e-006
3.6352e-006
3.6352e-006
3.648e-006
3.6608e-006
4.53888e-006
4.55168e-006
4.56448e-006
4.57728e-006
0.000501064
0.000501076
0.000501089
0.000501102
0.000505093
0.000505106
0.000505119
0.000505132
3.6096e-006
3.6224e-006
3.6352e-006
3.648e-006
0.00056127
0.000562767
0.000563894
0.000511368
0.00051138
0.000511396
0.000511406
0.000511409
0.000511419
0.000511421
0.000511434
3.6096e-006
3.6224e-006
3.6352e-006
3.648e-006
3.4048e-006
3.4176e-006
3.4304e-006
3.4432e-006
3.6224e-006
3.6352e-006
3.648e-006
3.6608e-006
4.61824e-006
4.63104e-006
4.64384e-006
4.65664e-006
0.000516948
0.000517302
0.000517315
0.000517327
0.00051734
0.000519905
0.000519982
0.000519995
0.000520008
0.000557064
0.000557691
0.000558369
3.6608e-006
3.6736e-006
3.6992e-006
3.712e-006
0.000521062
0.000521139
0.000521152
0.000521165
0.00102473
0.00102508
3.5968e-006
3.6096e-006
3.6096e-006
3.6224e-006
3.6224e-006
3.6352e-006
3.6352e-006
3.648e-006
4.18816e-006
4.20096e-006
4.21376e-006
4.22656e-006
0.0010284
0.00102873
3.56864e-006
3.59424e-006
3.60704e-006
3.61984e-006
0.000525217
0.00052523
0.000525243
0.000525256
0.000587251
0.00058743
0.00188187
3.6096e-006
3.6224e-006
3.6352e-006
3.648e-006
0.00105174
0.00105209
0.00105243
0.000529715
0.000529792
0.000529805
0.000529818
0.000981665
5.25824e-006
5.27104e-006
5.28384e-006
5.32224e-006
3.3792e-006
3.392e-006
3.4048e-006
3.4176e-006
3.6224e-006
3.6352e-006
3.648e-006
3.6608e-006
0.000536407
0.000536484
0.000536497
0.000536509
0.000979346
0.000979564
0.000979871
3.4688e-006
3.4816e-006
3.4944e-006
3.5072e-006
3.5968e-006
3.6096e-006
3.6224e-006
3.6352e-006
3.66848e-006
3.68128e-006
3.69408e-006
3.70688e-006
0.000538982
0.000539003
0.000539059
0.000539072
0.00053908
0.000539085
0.000539092
0.000539105
0.00175415
0.00175428
0.000985362
3.5968e-006
3.6096e-006
3.6224e-006
3.6352e-006
0.000541629
0.000541706
0.000541719
0.000541732
0.00129966
0.000852216
3.5968e-006
3.6096e-006
3.6224e-006
3.6352e-006
3.5968e-006
3.6096e-006
3.6224e-006
3.6352e-006
4.4544e-006
4.4672e-006
4.4928e-006
4.5056e-006
0.000991816
0.00171464
0.00171519
0.00171612
0.00171654
3.6096e-006
3.6224e-006
3.6352e-006
3.648e-006
0.000544538
0.000544614
0.000544627
0.00054464
0.00204514
3.8016e-006
3.8144e-006
3.8144e-006
3.8272e-006
3.8272e-006
3.84e-006
3.84e-006
3.8528e-006
0.00114043
0.00114377
0.00114423
0.00114458
3.93472e-006
3.94752e-006
3.96032e-006
3.97312e-006
4.95616e-006
4.96896e-006
4.98176e-006
4.99456e-006
0.00101415
0.00101424
0.00101432
0.00101441
0.00144531
0.00144729
0.000549714
0.000549791
0.000549804
0.000549816
0.000553754
0.000553779
0.000553792
0.000553805
3.5968e-006
3.6096e-006
3.6224e-006
3.6352e-006
4.0832e-006
4.096e-006
4.1088e-006
4.1216e-006
0.000828398
0.000828623
0.000829197
0.000831393
0.00272332
3.3792e-006
3.392e-006
3.4048e-006
3.4176e-006
3.6096e-006
3.6096e-006
3.6224e-006
3.6224e-006
3.6352e-006
3.6352e-006
3.648e-006
3.648e-006
0.000581788
0.000581865
0.000581957
0.000582034
0.000582126
0.000582203
0.000582295
0.000582372
0.000578847
0.000578924
0.000578936
0.000578949
4.00896e-006
4.02176e-006
4.03456e-006
4.04736e-006
3.5968e-006
3.6096e-006
3.6224e-006
3.6352e-006
3.712e-006
3.7248e-006
3.7376e-006
3.7504e-006
0.000559153
0.000559165
0.000559178
0.000559191
0.00056299
0.000563003
0.000563016
0.000563028
0.00218214
0.0021838
0.00158114
0.00158137
0.00158179
0.000561746
0.000561823
0.000561836
0.000561848
3.3792e-006
3.392e-006
3.4048e-006
3.4176e-006
0.000863636
0.000863649
0.000863662
0.000863675
0.000556902
0.000556979
0.000556992
0.000557005
0.000602583
0.000603735
0.000566989
0.000566996
0.000567009
0.000567022
0.000567035
0.000567066
0.000567078
0.000567091
0.000612244
0.000613878
3.3792e-006
3.392e-006
3.4048e-006
3.4176e-006
3.9296e-006
3.9552e-006
3.968e-006
3.9808e-006
0.00104887
0.00160507
0.00146727
0.00146794
0.00103799
0.00146833
0.00103826
0.00103876
0.00146902
0.00103927
0.000569257
0.000569334
0.000569347
0.000569359
0.00161937
3.5968e-006
3.6096e-006
3.6224e-006
3.6352e-006
0.000572088
0.000572165
0.000572178
0.000572191
0.00057345
0.000573527
0.00057354
0.000573553
4.7488e-006
4.7616e-006
4.7744e-006
4.8e-006
0.00060148
0.000601492
3.5968e-006
3.6096e-006
3.6096e-006
3.6096e-006
3.6224e-006
3.6224e-006
3.6224e-006
3.6352e-006
3.6352e-006
3.6352e-006
3.648e-006
3.648e-006
0.00105626
0.00106622
0.00225597
3.6096e-006
3.6224e-006
3.6352e-006
3.648e-006
3.5968e-006
3.5968e-006
3.5968e-006
3.6096e-006
3.6096e-006
3.6096e-006
3.6224e-006
3.6224e-006
3.6224e-006
3.6352e-006
3.6352e-006
3.6352e-006
3.71968e-006
3.73248e-006
3.75808e-006
3.78368e-006
0.000580334
0.000580398
0.000580411
0.000580475
0.000580552
0.000580564
0.000580628
0.000580641
0.000582764
0.00058284
0.000582853
0.000582866
3.3792e-006
3.392e-006
3.4048e-006
3.4176e-006
0.00115527
3.392e-006
3.4048e-006
3.4176e-006
3.4304e-006
3.5968e-006
3.6096e-006
3.6224e-006
3.6352e-006
0.000587878
0.000587891
0.000587904
0.000587917
3.6608e-006
3.6736e-006
3.6864e-006
3.6992e-006
0.00152145
0.000590116
0.000590193
0.000590205
0.000590218
3.6096e-006
3.6224e-006
3.6352e-006
3.648e-006
3.6608e-006
3.6736e-006
3.6864e-006
3.6992e-006
3.74784e-006
3.76064e-006
3.77344e-006
3.78624e-006
3.5968e-006
3.6096e-006
3.6096e-006
3.6224e-006
3.6224e-006
3.6352e-006
3.6352e-006
3.648e-006
3.8912e-006
3.904e-006
3.9296e-006
3.9424e-006
3.6096e-006
3.6224e-006
3.6352e-006
3.648e-006
0.00115201
0.00115211
0.00115262
0.00189352
0.0023113
0.00231141
0.000595965
0.000596017
0.000596042
0.000596127
0.000596204
0.000596209
0.00059628
0.000596285
0.000597233
0.000597245
0.000597258
0.000597284
3.70688e-006
3.71968e-006
3.73248e-006
3.74528e-006
4.15488e-006
4.16768e-006
4.18048e-006
4.19328e-006
0.00196761
0.00196769
0.00196777
0.00166151
0.00166159
0.00166215
3.7632e-006
3.776e-006
3.7888e-006
3.8016e-006
0.00166443
0.000601221
0.000601298
0.000601311
0.000601324
3.59936e-006
3.61216e-006
3.62496e-006
3.63776e-006
3.5968e-006
3.6096e-006
3.6096e-006
3.6224e-006
3.6224e-006
3.6352e-006
3.6352e-006
3.648e-006
0.00235313
3.3792e-006
3.3792e-006
3.392e-006
3.392e-006
3.4048e-006
3.4048e-006
3.4176e-006
3.4176e-006
3.6096e-006
3.6224e-006
3.6352e-006
3.648e-006
3.7888e-006
3.8144e-006
3.8272e-006
3.84e-006
0.00126023
0.00060545
0.000605463
0.000605476
0.000605489
3.79392e-006
3.80672e-006
3.81952e-006
3.83232e-006
3.8272e-006
3.84e-006
3.8528e-006
3.8656e-006
3.9424e-006
3.9552e-006
3.968e-006
3.9808e-006
3.9936e-006
4.0064e-006
4.0192e-006
4.0448e-006
0.000612357
0.000612434
0.000612447
0.00061246
0.00157529
0.00157537
0.00157547
0.00157554
0.00159823
0.00159962
3.5968e-006
3.6096e-006
3.6224e-006
3.6352e-006
0.00161243
0.00161379
3.3792e-006
3.392e-006
3.4048e-006
3.4176e-006
3.5968e-006
3.6096e-006
3.6224e-006
3.6352e-006
3.6608e-006
3.6736e-006
3.6864e-006
3.6992e-006
0.00331732
0.000616054
0.00331949
0.000616131
0.000616143
0.000616156
3.5968e-006
3.6096e-006
3.6096e-006
3.6224e-006
3.6224e-006
3.6352e-006
3.6352e-006
3.648e-006
0.000618079
0.000618092
3.648e-006
3.6608e-006
3.6736e-006
3.6864e-006
0.00061974
0.000619753
0.000619766
0.000620493
0.00062057
0.000620582
0.000620595
0.000661384
0.000647301
0.000647378
0.000647391
0.000647404
0.00220775
3.76832e-006
3.78112e-006
3.79392e-006
3.80672e-006
0.000625201
0.000625213
0.000625226
0.000625239
0.000627753
0.000627758
0.00062783
0.000627835
0.000627843
0.000627848
0.000627855
0.00062786
0.00147064
0.00069834
0.000698417
0.000698493
0.00069857
0.00164142
3.6352e-006
3.648e-006
3.6608e-006
3.6736e-006
0.00164794
0.00164849
0.00164867
0.00164876
0.00165778
0.00165812
0.00115275
0.00115291
0.00206428
0.000632315
0.000632392
0.000632404
0.000632417
3.5968e-006
3.6096e-006
3.6224e-006
3.6352e-006
0.000634916
0.000634993
0.000635005
0.000635018
0.000636675
0.000636687
0.0006367
0.000636713
4.25472e-006
4.26752e-006
4.28032e-006
4.29312e-006
0.000638029
0.000638042
0.000638054
0.000638067
3.5968e-006
3.6096e-006
3.6224e-006
3.6352e-006
3.9168e-006
3.9296e-006
3.9424e-006
3.9552e-006
0.000705426
0.000706383
0.000706798
0.000707438
3.5968e-006
3.6096e-006
3.6224e-006
3.6352e-006
3.6608e-006
3.6736e-006
3.6864e-006
3.6992e-006
0.000640092
0.000640118
0.000640143
0.000640156
0.000670572
0.000670751
0.00210529
0.00286319
0.00210594
0.0028653
3.6096e-006
3.6224e-006
3.6352e-006
3.648e-006
3.71712e-006
3.72992e-006
3.74272e-006
3.75552e-006
4.06528e-006
4.07808e-006
4.09088e-006
4.10368e-006
0.00152
0.00152016
0.00152213
3.5968e-006
3.6096e-006
3.6224e-006
3.6352e-006
0.00199446
0.000645468
0.000645473
0.000645486
0.000645499
0.000645512
0.000645545
0.000645558
0.000645571
0.00263266
3.5968e-006
3.6096e-006
3.6224e-006
3.6352e-006
3.5968e-006
3.6096e-006
3.6224e-006
3.6352e-006
0.000649231
0.000649244
0.000649257
0.0015362
0.00153702
0.00153711
0.00168076
0.00168088
0.00168096
3.5968e-006
3.6096e-006
3.6224e-006
3.6352e-006
0.000655176
0.000655188
0.000655201
0.000655214
3.3792e-006
3.392e-006
3.4048e-006
3.4176e-006
3.5968e-006
3.6096e-006
3.6224e-006
3.6352e-006
3.8016e-006
3.8144e-006
3.8272e-006
3.84e-006
0.00183679
3.60192e-006
3.6096e-006
3.61472e-006
3.6224e-006
3.62752e-006
3.6352e-006
3.64032e-006
3.648e-006
0.000736827
0.000737247
3.5968e-006
3.6096e-006
3.6224e-006
3.6352e-006
0.000659681
0.000659758
0.000659771
0.000659784
0.00409634
3.68896e-006
3.70176e-006
3.71456e-006
3.72736e-006
4.0192e-006
4.032e-006
4.0576e-006
4.0704e-006
4.288e-006
4.3008e-006
4.3136e-006
4.3264e-006
0.00256606
0.002957
0.00295708
0.00107022
0.00217634
0.0023225
0.00232265
0.00107358
0.000664476
0.000664489
0.000664502
0.000664515
0.000664527
0.00066454
0.000664553
0.000664566
0.00107548
0.00107574
0.00107591
0.00107763
3.5968e-006
3.6096e-006
3.6096e-006
3.6224e-006
3.6224e-006
3.6352e-006
3.6352e-006
3.648e-006
3.6864e-006
3.6992e-006
3.712e-006
3.7248e-006
0.00133367
0.000699722
0.000699799
3.5968e-006
3.6096e-006
3.6096e-006
3.6224e-006
3.6224e-006
3.6352e-006
3.6352e-006
3.648e-006
4.65408e-006
4.66688e-006
4.67968e-006
4.69248e-006
0.00262991
0.00134067
0.00320871
3.5968e-006
3.5968e-006
3.6096e-006
3.6096e-006
3.6224e-006
3.6224e-006
3.6352e-006
3.6352e-006
0.000748086
0.00265862
0.0026587
0.000673777
0.000673789
0.000673802
0.000673815
3.6224e-006
3.6352e-006
3.648e-006
3.6608e-006
4.27264e-006
4.28544e-006
4.29824e-006
4.33664e-006
0.000706112
0.000706266
0.000706419
0.000706445
0.00074761
0.000748017
0.000749243
0.000749827
0.00220882
0.000674816
0.000674821
0.000674893
0.000674898
0.000674906
0.000674911
0.000674918
0.000674924
0.00123355
0.00123365
0.00123192
0.00067914
0.000679191
3.3792e-006
0.000679229
3.392e-006
3.4048e-006
3.4176e-006
0.000679268
0.00123227
3.5968e-006
3.6096e-006
3.6224e-006
3.6352e-006
0.00123262
0.0012328
4.41344e-006
4.42624e-006
4.43904e-006
4.45184e-006
0.000702633
0.000702646
0.000702659
0.000702671
0.000678815
0.000678892
0.000678904
0.000678917
3.3792e-006
3.392e-006
3.4048e-006
3.4176e-006
3.5968e-006
3.6096e-006
3.6224e-006
3.6352e-006
3.8656e-006
3.8784e-006
3.8912e-006
3.904e-006
3.6864e-006
3.6992e-006
3.712e-006
3.7248e-006
3.6352e-006
3.648e-006
3.6608e-006
3.6736e-006
4.38016e-006
4.39296e-006
4.40576e-006
4.41856e-006
0.000685691
0.000685768
0.00068578
0.000685793
0.00185831
0.00135367
0.0013539
0.00072129
0.000721367
0.000721444
0.000721521
0.00160544
0.00161174
0.000690237
0.00069025
0.000690263
0.000690276
0.00161306
0.00161347
0.00227584
0.00401665
0.00227592
0.00227599
0.00227601
3.4688e-006
3.4816e-006
3.4944e-006
3.5072e-006
3.6096e-006
3.6224e-006
3.6352e-006
3.648e-006
4.2752e-006
4.288e-006
4.3008e-006
4.3264e-006
0.00076992
0.00136409
0.00136426
0.000770637
0.00136474
0.00136496
0.00124306
0.00124324
0.00124342
0.000769242
0.000770342
0.000772447
0.000773757
3.5968e-006
3.6096e-006
3.6224e-006
3.6352e-006
3.7504e-006
3.7632e-006
3.776e-006
3.7888e-006
7.33184e-006
7.37024e-006
7.40864e-006
7.45984e-006
7.66464e-006
7.69024e-006
7.72864e-006
7.75424e-006
0.00128695
0.00128705
0.00220992
0.000695741
0.000695754
0.000695767
0.00069578
0.00221215
3.7376e-006
3.7504e-006
3.7632e-006
3.776e-006
3.8784e-006
3.8912e-006
3.904e-006
3.9168e-006
0.00104977
0.000696228
0.000696241
0.000696253
0.000696266
3.5584e-006
3.5712e-006
3.584e-006
3.5968e-006
3.6096e-006
3.6224e-006
3.6352e-006
3.648e-006
3.5968e-006
3.6096e-006
3.6224e-006
3.6352e-006
0.000704527
0.00070454
0.000704553
0.000704566
0.000706811
0.000706888
0.0007069
0.000706913
0.00139021
3.5968e-006
3.5968e-006
3.6096e-006
3.6096e-006
3.6224e-006
3.6224e-006
3.6352e-006
3.6352e-006
0.0012939
0.00129405
0.000705853
0.00070593
0.000705943
0.000705956
0.000706918
0.000706995
0.000707008
0.000707021
0.000707072
0.000707149
0.000707162
0.000707174
3.5968e-006
3.6096e-006
3.6224e-006
3.6352e-006
0.00142834
3.6736e-006
3.6864e-006
3.6992e-006
3.712e-006
0.00132552
0.00132602
0.00132676
0.00132921
0.00301093
3.6864e-006
3.6992e-006
3.712e-006
3.7248e-006
0.00115796
0.00115837
0.00115854
0.000712548
0.000712625
0.000712637
0.00071265
0.00130789
0.00130797
0.00130807
0.00130814
4.2752e-006
4.288e-006
4.3008e-006
4.3136e-006
0.000719089
0.000719101
0.000719114
0.000719127
0.00284015
3.96288e-006
3.97568e-006
3.98848e-006
4.00128e-006
0.00204427
0.00204475
0.00133289
0.0013351
0.0013358
0.00142433
0.00142441
0.00142449
0.00142457
0.000724582
0.000724595
0.000724608
0.000724621
3.5968e-006
3.6096e-006
3.6224e-006
3.6352e-006
0.00205883
0.000812956
0.00284089
0.000814323
0.000814451
0.0028431
3.6224e-006
3.6352e-006
3.648e-006
3.6608e-006
4.32128e-006
4.33408e-006
4.34688e-006
4.35968e-006
0.00131768
0.00131769
0.0013177
3.8016e-006
3.8144e-006
3.8272e-006
3.84e-006
3.86304e-006
3.87584e-006
3.88864e-006
3.90144e-006
0.00134398
0.00134436
0.00134673
0.0013473
0.0018935
0.000772063
0.000772342
0.000772534
0.00112077
0.00143252
0.00143994
0.00143995
3.5968e-006
3.6096e-006
3.6224e-006
3.6352e-006
0.000741473
0.00074155
0.000741563
0.000741576
0.0028921
0.00289487
0.00289514
0.00289535
0.00289807
0.000738547
0.00073865
0.000738662
0.000738675
0.00137619
0.00137626
0.00137634
0.00137642
0.00074325
0.000743327
0.00074334
0.000743352
3.70944e-006
3.712e-006
3.72224e-006
3.7248e-006
3.73504e-006
3.7376e-006
3.74784e-006
3.7504e-006
3.968e-006
3.9936e-006
4.0064e-006
4.0192e-006
3.5968e-006
3.6096e-006
3.6224e-006
3.6352e-006
0.00083465
0.000835894
0.00147837
0.00213081
0.00176426
3.6096e-006
3.6224e-006
3.6352e-006
3.648e-006
0.00400206
0.000750131
0.000750144
0.000750157
0.00075017
3.3792e-006
3.392e-006
3.4048e-006
3.4176e-006
0.00341979
0.000842063
0.000842442
3.5968e-006
3.6096e-006
3.6224e-006
3.6352e-006
0.000844439
0.000759544
0.000759557
0.00075957
0.000759583
0.00197596
0.00197668
0.00197694
0.0019774
3.3792e-006
3.392e-006
3.4048e-006
3.4176e-006
3.5968e-006
3.6096e-006
3.6224e-006
3.6352e-006
3.8528e-006
3.8656e-006
3.8784e-006
3.8912e-006
0.000759859
0.000759885
0.000759898
0.000759962
3.8656e-006
3.8784e-006
3.904e-006
3.9168e-006
4.3008e-006
4.3136e-006
4.3264e-006
4.3392e-006
4.5056e-006
4.5184e-006
4.5184e-006
4.5312e-006
4.544e-006
4.5568e-006
4.5696e-006
4.5824e-006
0.00076468
0.000764682
0.000764692
0.000764705
0.000764718
0.000764759
0.000764772
0.000764785
3.5968e-006
3.6096e-006
3.6224e-006
3.6352e-006
4.00128e-006
4.01408e-006
4.02688e-006
4.03968e-006
0.000764119
0.000764196
0.000764209
0.000764221
3.3792e-006
3.392e-006
3.4048e-006
3.4176e-006
3.5968e-006
3.6096e-006
3.6224e-006
3.6352e-006
3.5968e-006
3.6096e-006
3.6224e-006
3.6352e-006
0.000767286
0.000767363
0.000767375
0.000767388
0.00302306
3.36128e-006
3.37408e-006
3.38688e-006
3.39968e-006
0.0012532
4.32896e-006
4.34176e-006
4.35456e-006
4.36736e-006
0.00301712
0.000772733
0.000772746
3.7376e-006
3.7504e-006
3.7632e-006
3.776e-006
0.00212119
0.00212202
0.00212207
0.0021221
0.00253711
0.00253726
0.00253745
0.000776852
0.000776929
0.000776942
0.000776955
0.00213338
0.00213509
0.00201274
0.000774387
0.000774464
0.000774477
0.00077449
0.00346053
0.00303066
3.4048e-006
3.4176e-006
3.4304e-006
3.4432e-006
3.5968e-006
3.6096e-006
3.6224e-006
3.6352e-006
3.80928e-006
3.82208e-006
3.83488e-006
3.84768e-006
3.6096e-006
3.6224e-006
3.6352e-006
3.648e-006
3.3792e-006
3.392e-006
3.4048e-006
3.4176e-006
0.00185027
4.0704e-006
4.0832e-006
4.096e-006
4.1088e-006
3.68896e-006
3.70176e-006
3.71456e-006
3.72736e-006
0.00143753
3.9808e-006
3.9936e-006
4.0064e-006
4.0192e-006
0.000792458
0.000792471
0.000792497
0.000792509
0.00145151
0.00145163
0.000797117
0.000797194
0.000797207
0.00079722
3.64544e-006
3.65824e-006
3.67104e-006
3.68384e-006
4.3264e-006
4.3392e-006
4.352e-006
4.3776e-006
0.000793242
0.000793318
0.000793331
0.000793344
0.000794045
0.000794122
0.000794135
0.000794148
0.00079884
0.000798853
0.000798917
0.00079902
0.000799071
0.000799109
0.000799122
0.000799148
0.000796636
0.000796652
0.000796713
0.000796726
0.000796728
0.000796739
0.000796741
0.000796754
0.000893658
0.000893837
0.000893914
0.00089399
0.000797742
0.000797819
0.000797832
0.000797844
0.000799273
0.00079935
0.000799363
0.000799375
0.00399965
0.0040025
0.00130154
0.00401649
0.00354646
3.456e-006
3.4688e-006
3.4816e-006
3.4944e-006
3.6224e-006
3.6352e-006
3.648e-006
3.6608e-006
3.6864e-006
3.6992e-006
3.712e-006
3.7248e-006
0.000802463
0.00401788
0.00080254
0.000802552
0.000802565
0.000808297
0.00080831
0.000808335
0.000808348
3.5968e-006
3.6096e-006
3.6224e-006
3.6352e-006
0.000805079
0.000805156
0.000805169
0.000805181
0.00197551
0.00197574
0.001976
0.00197613
0.00361556
0.00210136
0.00210143
0.00210145
0.0021017
3.6096e-006
3.6224e-006
3.6352e-006
3.648e-006
0.00149885
0.00150132
0.00150265
0.00150506
3.5968e-006
3.6096e-006
3.6224e-006
3.6352e-006
3.65824e-006
3.67104e-006
3.68384e-006
3.69664e-006
0.00080958
0.000809656
0.000809669
0.000809682
0.000815995
0.000816072
0.000816084
0.000816097
3.5584e-006
3.5712e-006
3.584e-006
3.5968e-006
4.1472e-006
4.16e-006
4.1984e-006
4.2112e-006
0.00241054
3.6096e-006
3.6864e-006
3.6992e-006
3.712e-006
4.03968e-006
4.06528e-006
4.07808e-006
4.10368e-006
4.1728e-006
4.1856e-006
4.1984e-006
4.2112e-006
3.712e-006
3.7248e-006
3.7376e-006
3.776e-006
0.00151869
3.5968e-006
3.6096e-006
3.6224e-006
3.6352e-006
0.000823109
0.000823122
0.000823135
0.000823148
0.0015204
0.00152837
0.00152925
0.00153112
0.00153176
0.000821857
0.000821934
0.000821947
0.00082196
0.000822597
0.000822623
0.000822648
0.000822674
4.11392e-006
4.12672e-006
4.13952e-006
4.15232e-006
0.00256865
0.00165442
0.00173205
0.00173211
0.0017322
0.00173223
0.00321798
0.0032181
3.7248e-006
3.7376e-006
3.7504e-006
3.7632e-006
0.00321937
0.00215497
0.00215559
0.00225815
0.00215646
0.00215719
0.00322343
0.00207808
0.00410868
3.4048e-006
3.4176e-006
3.4304e-006
3.4432e-006
3.6096e-006
3.6224e-006
3.6352e-006
3.648e-006
3.7632e-006
3.776e-006
3.7888e-006
3.8016e-006
3.80928e-006
3.82208e-006
3.83488e-006
3.84768e-006
0.000829578
0.000829655
0.000829668
0.000829681
0.00372119
0.00372195
0.000834703
0.00083478
0.000834793
0.000834806
0.00372334
0.00162468
0.000834813
0.000834826
0.000834839
0.000834865
0.000839885
0.000839918
0.000839931
0.000839944
0.000839956
0.000839962
0.000839974
0.000839987
3.5968e-006
3.6096e-006
3.6224e-006
3.6224e-006
3.6352e-006
3.6352e-006
3.648e-006
3.6608e-006
4.032e-006
4.0448e-006
4.0576e-006
4.0704e-006
4.24448e-006
4.27008e-006
4.28288e-006
4.29568e-006
0.00201744
0.00259152
0.00260254
0.000842519
0.000842532
0.000842545
0.000842557
3.3792e-006
3.392e-006
3.4048e-006
3.4176e-006
3.7376e-006
3.7504e-006
3.7632e-006
3.776e-006
0.00238476
0.000938844
0.000939254
0.000939433
0.000940342
3.5968e-006
3.6096e-006
3.6224e-006
3.6352e-006
3.98848e-006
4.01408e-006
4.02688e-006
4.03968e-006
0.000844672
0.000844685
0.000844698
0.00084471
0.000842204
0.000842281
0.000842294
0.000842307
3.5968e-006
3.5968e-006
3.6096e-006
3.6096e-006
3.6224e-006
3.6224e-006
3.6224e-006
3.6352e-006
3.6352e-006
3.6352e-006
3.648e-006
3.6608e-006
3.7248e-006
3.7376e-006
3.7504e-006
3.7632e-006
3.8528e-006
3.8656e-006
3.8784e-006
3.8912e-006
0.000846925
0.000847002
0.000847014
0.000847027
0.00197798
0.00233263
0.0023333
3.6096e-006
3.6224e-006
3.6352e-006
3.648e-006
0.000845112
0.000845117
0.000845189
0.000845194
0.000845202
0.000845207
0.000845215
0.00084522
0.000849715
0.000849728
0.000849741
0.000849754
3.4048e-006
3.4176e-006
3.4304e-006
3.4432e-006
3.6224e-006
3.6352e-006
3.648e-006
3.6608e-006
3.6736e-006
3.6864e-006
3.6992e-006
3.712e-006
3.92192e-006
3.93472e-006
3.94752e-006
3.96032e-006
0.00156545
0.00156561
0.00156578
0.00156595
0.000852124
0.000852137
0.00085215
0.000852163
0.000854362
0.000854374
0.0008544
0.000854413
0.00223421
0.00223873
0.000855619
0.000855695
0.000855708
0.000855721
0.000856612
0.000856689
0.000856701
0.000856709
0.000856714
0.000856722
0.000856735
0.00331595
0.00331603
0.00163263
0.00163319
0.000855066
0.000855142
0.000855155
0.000855168
0.000855188
0.000855214
0.000858324
3.5968e-006
3.60448e-006
3.6096e-006
3.61728e-006
3.6224e-006
3.63008e-006
3.6352e-006
3.64288e-006
3.648e-006
3.6608e-006
3.6736e-006
3.6864e-006
0.00282831
0.000885299
3.5968e-006
3.5968e-006
3.6096e-006
3.6096e-006
3.6224e-006
3.6224e-006
3.6352e-006
3.6352e-006
0.00160166
4.55424e-006
4.56704e-006
4.57984e-006
4.59264e-006
0.00160259
0.000964524
3.5968e-006
3.6096e-006
3.6224e-006
3.6352e-006
0.00385508
0.00429404
0.00429712
0.00299336
3.5968e-006
3.5968e-006
3.6096e-006
3.6096e-006
3.6224e-006
3.6224e-006
3.6352e-006
3.6352e-006
3.648e-006
3.6608e-006
3.6736e-006
3.6864e-006
0.000867113
0.00086719
0.000867203
0.000867215
0.000867364
0.000867441
0.000867453
0.000867466
3.392e-006
3.4048e-006
3.4176e-006
3.4304e-006
0.00211301
0.000872269
0.000872284
0.000872346
0.000872358
0.000872361
0.000872371
0.000872374
0.000872387
0.000874511
0.000874588
0.000874601
0.000874614
3.5968e-006
3.6096e-006
3.6224e-006
3.6352e-006
3.968e-006
3.9808e-006
4.0064e-006
4.0192e-006
5.00992e-006
5.02272e-006
5.03552e-006
5.06112e-006
0.000874481
0.000874493
0.000874506
0.000874519
0.00210546
0.00245373
0.00272679
3.66592e-006
3.69152e-006
3.71712e-006
3.7248e-006
3.72992e-006
3.7376e-006
3.7504e-006
3.7632e-006
0.000877056
0.000877069
0.000877082
0.000877094
3.648e-006
3.6608e-006
3.6736e-006
3.6864e-006
0.00249504
0.00249514
3.648e-006
3.6608e-006
3.6608e-006
3.6736e-006
3.6736e-006
3.6864e-006
3.6864e-006
3.6992e-006
3.776e-006
3.8016e-006
3.8144e-006
3.84e-006
3.5968e-006
3.6096e-006
3.6224e-006
3.6352e-006
0.00208906
0.00208914
0.000991567
0.000991644
0.000991747
0.000991823
3.3792e-006
3.392e-006
3.4048e-006
3.4176e-006
3.5968e-006
3.5968e-006
3.6096e-006
3.6096e-006
3.6224e-006
3.6224e-006
3.6352e-006
3.6352e-006
3.7376e-006
3.7504e-006
3.7632e-006
3.776e-006
0.000886679
0.000886692
0.000886705
0.00088673
0.000887432
0.000887444
0.000887457
0.000887483
0.00248958
0.00439823
0.00348947
0.00349027
0.000889964
0.00089004
0.000890053
0.000890066
0.000891837
0.000891914
0.000891927
0.00089194
3.61472e-006
3.62752e-006
3.6352e-006
3.64032e-006
3.648e-006
3.65312e-006
3.6608e-006
3.6736e-006
0.00232563
0.00232604
0.00232663
0.00280809
0.00280872
3.5968e-006
3.6096e-006
3.6224e-006
3.6352e-006
0.00164763
0.000896384
0.000896397
0.00089641
0.000896422
3.5968e-006
3.5968e-006
3.6096e-006
3.6096e-006
3.6224e-006
3.6224e-006
3.6352e-006
3.6352e-006
0.000899003
0.000899028
0.000899041
0.000899067
3.5968e-006
3.6096e-006
3.6096e-006
3.6224e-006
3.6224e-006
3.6352e-006
3.6352e-006
3.648e-006
3.9424e-006
3.9552e-006
3.968e-006
3.9808e-006
3.55328e-006
3.56608e-006
3.57888e-006
3.59168e-006
3.5968e-006
3.6096e-006
3.6224e-006
3.6352e-006
0.000904806
0.000904819
0.000904832
0.000904845
3.76064e-006
3.77344e-006
3.78624e-006
3.81184e-006
3.5968e-006
3.6096e-006
3.6224e-006
3.6352e-006
4.01664e-006
4.02944e-006
4.05504e-006
4.06784e-006
0.0021191
0.00291998
3.5968e-006
3.6096e-006
3.6224e-006
3.6352e-006
4.0064e-006
4.0192e-006
4.032e-006
4.0448e-006
4.45952e-006
4.48512e-006
4.51072e-006
4.53632e-006
0.000907651
0.000907663
0.000907676
0.000907689
0.00090965
0.000909663
0.000909676
0.000909688
0.00257338
0.00257346
0.000914696
0.000914721
0.000914734
0.00091476
3.5968e-006
3.6096e-006
3.6224e-006
3.6352e-006
3.6608e-006
3.6736e-006
3.6864e-006
3.6992e-006
0.00180675
0.000912824
0.000912901
0.000912914
0.000912927
0.00304296
0.000914294
0.000914371
0.000914383
0.000914396
0.000917348
3.6224e-006
3.6352e-006
3.648e-006
3.6608e-006
4.544e-006
4.5824e-006
4.608e-006
4.6208e-006
0.00252572
3.5968e-006
3.6096e-006
3.6224e-006
3.6352e-006
0.00320014
0.000918001
0.000918006
0.000918077
0.000918083
0.00091809
0.000918095
0.000918103
0.000918108
3.4944e-006
3.5072e-006
3.52e-006
3.5328e-006
0.00240088
0.00301599
0.00240168
0.0030164
0.0044452
3.6224e-006
3.6352e-006
3.648e-006
3.6608e-006
3.70944e-006
3.72224e-006
3.73504e-006
3.74784e-006
3.8656e-006
3.8912e-006
3.904e-006
3.9168e-006
0.00259524
0.000920845
0.000920922
0.000920934
0.000920947
3.3792e-006
3.392e-006
3.4048e-006
3.4176e-006
3.6224e-006
3.6352e-006
3.648e-006
3.6608e-006
0.000925788
0.000925865
0.000925878
0.000925891
0.000925949
0.000925975
0.000925988
0.000926001
0.00103178
0.00103195
0.00103572
0.0010359
0.00103608
0.00103625
0.0010364
3.648e-006
3.6608e-006
3.6736e-006
3.6864e-006
0.00414407
0.00414414
0.00414422
3.5968e-006
3.5968e-006
3.6096e-006
3.6096e-006
3.6224e-006
3.6224e-006
3.6352e-006
3.6352e-006
0.00180822
0.00180993
0.00181155
0.0018119
0.00367328
3.6608e-006
3.6736e-006
3.6864e-006
3.6992e-006
4.6208e-006
4.6336e-006
4.6464e-006
4.6592e-006
0.0024441
0.00244421
0.00152266
0.00152277
0.00152312
0.00152321
0.00190241
0.0019043
0.00299247
3.6224e-006
3.648e-006
3.6608e-006
3.6736e-006
3.6096e-006
3.6224e-006
3.6224e-006
3.6352e-006
3.6352e-006
3.648e-006
3.648e-006
3.6608e-006
0.0018361
0.00183617
0.0018362
3.5968e-006
3.6096e-006
3.6224e-006
3.6352e-006
3.904e-006
3.9168e-006
3.9296e-006
3.9424e-006
0.00367734
3.5968e-006
3.6096e-006
3.6224e-006
3.6352e-006
3.6608e-006
3.6736e-006
3.6864e-006
3.6992e-006
0.000947471
0.000947548
0.000947561
0.000947574
0.00426249
0.00426293
0.00426334
3.6096e-006
3.6224e-006
3.6352e-006
3.648e-006
0.00248742
0.000953487
0.000953564
0.000953577
0.00095359
0.00250146
3.72736e-006
3.74016e-006
3.75296e-006
3.76576e-006
0.00250233
0.000958377
0.00095839
0.00374882
0.00374914
0.00476642
0.0047665
0.00476676
0.000958354
0.000958367
0.00095838
0.000958392
4.032e-006
4.0576e-006
4.0704e-006
4.0832e-006
0.00316305
0.00316361
0.00316369
0.00316376
0.0026224
0.00184462
0.00184484
3.5968e-006
3.6096e-006
3.6224e-006
3.6224e-006
3.6352e-006
3.6352e-006
3.648e-006
3.6608e-006
4.1728e-006
4.1984e-006
4.2112e-006
4.224e-006
0.00344111
3.712e-006
3.7248e-006
3.7376e-006
3.7504e-006
3.8784e-006
3.904e-006
3.9168e-006
3.9296e-006
0.00305968
0.00344894
0.00306016
0.00409041
0.00409049
0.00409435
0.000965555
0.000965632
0.000965645
0.000965658
3.5968e-006
3.6096e-006
3.6224e-006
3.6352e-006
3.5968e-006
3.5968e-006
3.6096e-006
3.6096e-006
3.6224e-006
3.6224e-006
3.6352e-006
3.6352e-006
0.002329
0.000970716
0.000970793
0.000970806
0.000970819
0.000970829
0.000970844
0.000970906
0.000970918
0.000970921
0.000970931
0.000970934
0.000970947
3.59936e-006
3.61216e-006
3.62496e-006
3.63776e-006
0.000973312
0.000973389
0.000973402
0.000973414
0.00441649
0.00441715
0.00442007
0.00253958
0.00254021
0.00254022
0.00254047
0.00254053
0.00254055
0.00254084
0.00254086
3.7248e-006
3.7376e-006
3.7504e-006
3.7632e-006
0.000974408
0.00097442
0.000974433
0.000974446
3.3792e-006
3.392e-006
3.4048e-006
3.4176e-006
0.00437805
0.00437837
0.00437844
0.00437858
3.6096e-006
3.6224e-006
3.6352e-006
3.648e-006
0.00415137
0.000981115
0.000981128
0.00098114
0.000981153
3.6096e-006
3.6224e-006
3.6224e-006
3.6352e-006
3.6352e-006
3.648e-006
3.648e-006
3.6608e-006
0.00098369
0.000983767
0.00098378
0.000983805
3.6096e-006
3.6224e-006
3.6352e-006
3.648e-006
3.648e-006
3.6608e-006
3.6736e-006
3.6864e-006
0.00322498
0.00322566
0.000984238
0.000984251
0.000984264
0.000984276
3.5968e-006
3.6096e-006
3.6224e-006
3.6352e-006
4.02688e-006
4.03968e-006
4.05248e-006
4.06528e-006
0.00348738
0.00348939
3.712e-006
3.7248e-006
3.7376e-006
3.7504e-006
0.000989015
0.000989092
0.000989105
0.000989117
3.6096e-006
3.6224e-006
3.6352e-006
3.648e-006
3.6864e-006
3.6992e-006
3.712e-006
3.7248e-006
4.19072e-006
4.20352e-006
4.21632e-006
4.22912e-006
0.00098946
0.000989537
0.00098955
0.000989563
0.00387925
0.00387985
3.9168e-006
3.9296e-006
3.9424e-006
3.968e-006
0.00449932
0.00449958
0.00449967
3.8912e-006
3.904e-006
3.9168e-006
3.9296e-006
4.48768e-006
4.50048e-006
4.51328e-006
4.53888e-006
0.00442969
0.000994035
0.000994099
0.000994112
0.000994112
0.000994125
0.000994125
0.000994138
0.000994138
3.5968e-006
3.6096e-006
3.6096e-006
3.6224e-006
3.6224e-006
3.6352e-006
3.6352e-006
3.648e-006
3.77088e-006
3.78368e-006
3.79648e-006
3.80928e-006
3.6864e-006
3.6992e-006
3.712e-006
3.7248e-006
0.00353077
0.00236759
0.00161472
0.00100067
0.00100075
0.00100076
0.00100078
3.4176e-006
3.4304e-006
3.4432e-006
3.456e-006
0.00100389
0.00100397
0.00100398
0.001004
3.5968e-006
3.5968e-006
3.6096e-006
3.6096e-006
3.6224e-006
3.6224e-006
3.6352e-006
3.6352e-006
3.776e-006
3.7888e-006
3.8016e-006
3.8144e-006
3.8784e-006
3.8912e-006
3.904e-006
3.9168e-006
0.00100548
0.00100549
0.0010055
0.00100552
0.0010065
0.00100652
0.00100653
0.00100654
3.4688e-006
3.4816e-006
3.4944e-006
3.5072e-006
3.8784e-006
3.8912e-006
3.904e-006
3.9168e-006
0.00241958
3.7888e-006
3.8016e-006
3.8016e-006
3.8144e-006
3.8144e-006
3.8272e-006
3.8272e-006
3.84e-006
0.00111885
0.00184423
0.00184424
0.00184432
3.5968e-006
3.5968e-006
3.6096e-006
3.6096e-006
3.6224e-006
3.6224e-006
3.6352e-006
3.6352e-006
0.00628712
0.00628721
0.00104855
0.00104857
0.00104858
0.00104866
4.3392e-006
4.352e-006
4.3648e-006
4.3776e-006
0.00234807
0.00505903
3.5968e-006
3.6096e-006
3.6224e-006
3.6352e-006
0.00101826
0.00101827
0.00101827
0.00101828
0.00101829
0.0010183
0.00101831
0.00101831
3.6096e-006
3.6224e-006
3.6352e-006
3.648e-006
0.0010201
0.00102011
0.00102014
3.5968e-006
3.6096e-006
3.6224e-006
3.6352e-006
3.6736e-006
3.6864e-006
3.6992e-006
3.712e-006
3.88096e-006
3.89376e-006
3.90656e-006
3.91936e-006
0.00336902
4.05248e-006
4.06528e-006
4.07808e-006
4.09088e-006
0.00401421
0.00401428
3.5968e-006
3.6096e-006
3.6224e-006
3.6352e-006
4.33664e-006
4.34944e-006
4.36224e-006
4.37504e-006
0.00288185
0.0010272
0.00102722
0.00102723
0.00102725
3.5968e-006
3.6096e-006
3.6224e-006
3.6352e-006
0.00102764
0.00102766
0.00102767
0.00102768
3.6992e-006
3.712e-006
3.7248e-006
3.7376e-006
0.00102835
0.00102836
0.00102838
0.00102839
0.00338666
0.00338688
0.00338823
0.00338886
3.6096e-006
3.6224e-006
3.6352e-006
3.648e-006
3.89632e-006
3.90912e-006
3.92192e-006
3.93472e-006
0.00215277
0.00215285
0.00215303
3.89888e-006
3.91168e-006
3.92448e-006
3.93728e-006
0.00215558
0.00403196
0.00190657
0.00190681
0.00422243
3.6096e-006
3.6224e-006
3.6352e-006
3.648e-006
3.648e-006
3.6608e-006
3.6736e-006
3.6864e-006
6.95552e-006
6.96832e-006
6.98112e-006
6.99392e-006
7.00672e-006
7.01952e-006
7.03232e-006
7.04512e-006
0.00470598
0.00470745
3.5968e-006
3.6096e-006
3.6224e-006
3.6352e-006
0.00472252
0.00410815
0.00411028
0.00370707
3.3792e-006
3.392e-006
3.4048e-006
3.4176e-006
3.5968e-006
3.6096e-006
3.6224e-006
3.6352e-006
0.00199271
0.00104326
0.00104334
0.00104335
0.00104336
0.00343962
3.6096e-006
3.6224e-006
3.6352e-006
3.648e-006
0.00206535
0.00204571
0.0020688
0.00206882
0.0020691
0.00104585
0.00104592
0.00104594
0.00104595
0.00204977
0.00204986
0.00205004
4.18816e-006
4.20096e-006
4.21376e-006
4.22656e-006
4.4928e-006
4.5312e-006
4.544e-006
4.5568e-006
4.2496e-006
4.2624e-006
4.2752e-006
4.288e-006
0.00366238
0.00560944
3.5968e-006
3.6096e-006
3.6224e-006
3.6352e-006
0.00477218
0.00169416
0.00169417
0.00169425
0.00169433
3.70688e-006
3.71968e-006
3.73248e-006
3.74528e-006
0.0010546
0.00105468
0.00105469
0.0010547
0.00105592
0.00105593
0.00105594
0.00105597
0.00105734
0.00105741
0.00105743
0.00105744
3.5968e-006
3.6096e-006
3.6224e-006
3.6352e-006
0.00341451
0.00341521
3.6096e-006
3.6224e-006
3.6352e-006
3.648e-006
