3.6352e-006
3.7504e-006
3.968e-006
4.3776e-006
5.1328e-006
6.21056e-006
1.03398e-005
4.0704e-006
4.224e-006
8.8064e-006
3.7632e-006
3.8528e-006
3.9808e-006
5.92819e-005
3.4176e-006
3.6352e-006
3.8272e-006
3.84e-006
1.30714e-005
3.648e-006
2.11789e-005
3.25325e-005
3.648e-006
3.6352e-006
2.18829e-005
2.24205e-005
4.01306e-005
3.4304e-006
3.6352e-006
3.6864e-006
2.57638e-005
0.00010805
0.000108163
3.6352e-006
8.75597e-005
3.6352e-006
0.000265375
3.04e-005
3.4176e-006
3.4176e-006
3.29958e-005
3.6352e-006
4.5184e-006
0.000100035
3.66925e-005
3.6352e-006
3.6352e-006
6.68954e-005
4.13773e-005
3.57888e-006
3.7632e-006
3.82464e-006
3.6352e-006
5.08621e-005
5.24851e-005
0.000114199
3.6352e-006
3.6352e-006
3.4176e-006
3.6352e-006
3.6352e-006
6.0224e-005
3.8656e-006
3.6352e-006
3.7504e-006
3.968e-006
4.3776e-006
5.1328e-006
6.21056e-006
1.03398e-005
4.0704e-006
4.224e-006
8.8064e-006
3.7632e-006
3.8528e-006
3.9808e-006
5.92819e-005
3.4176e-006
3.6352e-006
3.8272e-006
3.84e-006
1.30714e-005
3.648e-006
2.11789e-005
3.25325e-005
3.648e-006
3.6352e-006
2.18829e-005
2.24205e-005
4.01306e-005
3.4304e-006
3.6352e-006
3.6864e-006
2.57638e-005
0.00010805
0.000108163
3.6352e-006
8.75597e-005
3.6352e-006
0.000265375
3.04e-005
3.4176e-006
3.4176e-006
3.29958e-005
3.6352e-006
4.5184e-006
0.000100035
3.66925e-005
3.6352e-006
3.6352e-006
6.68954e-005
4.13773e-005
3.57888e-006
3.7632e-006
3.82464e-006
3.6352e-006
5.08621e-005
5.24851e-005
0.000114199
3.6352e-006
3.6352e-006
3.4176e-006
3.6352e-006
3.6352e-006
6.0224e-005
3.8656e-006
6.07898e-005
3.6352e-006
0.000257756
6.35904e-005
3.6352e-006
0.000268972
6.61914e-005
3.648e-006
0.000125548
3.4176e-006
3.4176e-006
3.6352e-006
7.89581e-005
3.6352e-006
3.6352e-006
3.648e-006
7.65491e-005
8.0448e-005
3.4176e-006
0.00014943
8.50893e-005
3.7888e-006
4.01408e-006
8.68326e-005
8.77414e-005
0.000346327
4.45952e-006
3.64032e-006
6.0928e-006
3.6352e-006
4.1856e-006
4.2624e-006
9.69677e-005
3.6352e-006
3.6352e-006
3.7376e-006
9.83654e-005
3.4176e-006
3.6352e-006
0.000100928
0.000101862
0.00010484
0.000103567
0.000104307
0.000104865
0.000198216
3.6352e-006
0.000188936
3.6352e-006
3.6352e-006
3.4176e-006
3.6352e-006
0.000112
3.6352e-006
3.6352e-006
3.648e-006
0.000114591
0.000114611
0.000159588
0.000205614
0.00011583
0.000117233
0.000118013
3.4176e-006
3.6352e-006
3.968e-006
0.000176248
3.648e-006
0.000123955
3.4432e-006
3.6352e-006
3.6352e-006
4.032e-006
3.4432e-006
3.6352e-006
3.6352e-006
3.8784e-006
0.000619282
0.000336105
0.00013482
0.000240302
0.000532636
3.4176e-006
3.6352e-006
3.6352e-006
0.000142633
0.000246651
3.6352e-006
0.00013599
3.6352e-006
0.000343596
0.00014274
3.6352e-006
0.000261635
0.000143196
0.00014402
0.000144026
3.6352e-006
0.000216323
0.000148803
3.648e-006
4.736e-006
0.000720906
3.6352e-006
0.000620511
0.000423903
3.648e-006
0.000369997
3.6352e-006
0.000415652
0.000229591
3.4176e-006
3.4176e-006
0.000415524
0.000544852
0.000160312
3.67872e-006
4.04992e-006
0.000160791
3.6352e-006
0.000168438
3.6352e-006
3.904e-006
0.000170189
0.000179889
0.000244818
3.6352e-006
3.7888e-006
4.48e-006
4.5696e-006
4.608e-006
4.736e-006
4.224e-006
4.3392e-006
3.4176e-006
3.6352e-006
4.2496e-006
4.288e-006
3.648e-006
4.224e-006
4.5568e-006
3.6352e-006
3.7376e-006
3.6352e-006
4.224e-006
3.7888e-006
3.9424e-006
4.1984e-006
4.5056e-006
5.056e-006
3.9296e-006
4.48e-006
4.672e-006
3.6352e-006
3.7888e-006
4.48e-006
4.5696e-006
3.6352e-006
3.7888e-006
4.48e-006
4.5696e-006
4.608e-006
4.736e-006
4.224e-006
4.3392e-006
3.4176e-006
3.6352e-006
4.2496e-006
4.288e-006
3.648e-006
4.224e-006
4.5568e-006
3.6352e-006
3.7376e-006
3.6352e-006
4.224e-006
3.7888e-006
3.9424e-006
4.1984e-006
4.5056e-006
5.056e-006
3.9296e-006
4.48e-006
4.672e-006
3.9936e-006
3.6352e-006
3.6352e-006
3.6352e-006
3.8016e-006
3.6352e-006
3.4176e-006
3.9168e-006
3.9808e-006
3.6352e-006
4.1856e-006
4.3776e-006
3.9296e-006
3.6224e-006
4.0064e-006
3.9808e-006
4.1216e-006
4.1856e-006
3.6352e-006
3.6352e-006
3.4176e-006
3.6352e-006
3.9552e-006
3.6352e-006
4.7744e-006
3.648e-006
4.224e-006
4.6208e-006
3.4304e-006
4.8128e-006
4.4032e-006
3.4176e-006
3.6352e-006
3.648e-006
3.712e-006
3.648e-006
3.9424e-006
4.1088e-006
4.1984e-006
4.16e-006
3.6352e-006
4.8384e-006
4.2496e-006
4.5952e-006
4.2752e-006
4.032e-006
4.5824e-006
3.9168e-006
3.4176e-006
4.1984e-006
4.224e-006
3.6352e-006
3.968e-006
3.6352e-006
3.6352e-006
4.8512e-006
3.6992e-006
3.8912e-006
4.48e-006
3.648e-006
4.5824e-006
4.9664e-006
3.5328e-006
4.7744e-006
4.2368e-006
3.6352e-006
3.6992e-006
4.7616e-006
3.904e-006
3.4176e-006
4.0448e-006
4.224e-006
4.2624e-006
3.6352e-006
3.6992e-006
3.6352e-006
4.0192e-006
3.648e-006
3.6992e-006
3.6352e-006
3.6992e-006
4.6464e-006
4.5312e-006
4.1472e-006
3.6352e-006
4.544e-006
4.1856e-006
3.6992e-006
3.776e-006
3.6352e-006
4.416e-006
3.6864e-006
4.0192e-006
4.0448e-006
4.2368e-006
3.648e-006
3.6352e-006
3.9424e-006
4.4544e-006
3.648e-006
4.5568e-006
3.6736e-006
4.4544e-006
4.7488e-006
3.5968e-006
3.6352e-006
4.0064e-006
4.1856e-006
3.4176e-006
4.3136e-006
4.2752e-006
4.3264e-006
4.48e-006
3.6352e-006
3.6352e-006
3.6352e-006
3.6352e-006
3.7632e-006
4.6976e-006
3.9296e-006
4.0192e-006
3.648e-006
4.6208e-006
3.6352e-006
4.1088e-006
3.6352e-006
4.608e-006
4.608e-006
5.1456e-006
3.6992e-006
3.9552e-006
3.52e-006
3.9552e-006
4.608e-006
3.9424e-006
3.4176e-006
4.1728e-006
4.2496e-006
4.5312e-006
4.544e-006
3.648e-006
4.6208e-006
4.7488e-006
3.6352e-006
3.6736e-006
3.904e-006
4.4928e-006
4.5184e-006
4.7744e-006
4.5824e-006
4.2752e-006
4.5824e-006
3.648e-006
4.288e-006
3.6352e-006
3.648e-006
3.9424e-006
3.6992e-006
3.4304e-006
3.6352e-006
4.7744e-006
4.2624e-006
4.224e-006
3.6992e-006
4.1984e-006
3.6352e-006
3.648e-006
4.4672e-006
3.6352e-006
4.5568e-006
4.16e-006
4.544e-006
3.648e-006
3.6352e-006
3.648e-006
4.3136e-006
3.648e-006
3.6352e-006
3.648e-006
3.7504e-006
3.9168e-006
4.1856e-006
3.9168e-006
3.9424e-006
4.032e-006
3.6352e-006
3.6352e-006
4.4288e-006
4.2496e-006
4.0832e-006
4.2112e-006
4.2368e-006
5.0816e-006
4.5568e-006
3.6352e-006
3.4176e-006
3.9424e-006
4.544e-006
5.2352e-006
3.6352e-006
3.8144e-006
4.224e-006
3.6992e-006
4.0064e-006
3.648e-006
3.6352e-006
3.6352e-006
3.6352e-006
4.0576e-006
3.8016e-006
4.8384e-006
3.648e-006
3.6352e-006
3.6352e-006
4.096e-006
3.9552e-006
3.6352e-006
3.648e-006
4.3264e-006
3.648e-006
3.6352e-006
3.648e-006
4.5568e-006
3.4176e-006
4.4416e-006
4.1216e-006
4.3904e-006
3.6352e-006
4.2112e-006
