3.6352e-006
3.7504e-006
3.968e-006
4.3776e-006
5.1328e-006
6.21056e-006
1.03398e-005
4.0704e-006
4.1984e-006
8.832e-006
3.7632e-006
3.904e-006
3.9808e-006
4.16077e-005
3.4176e-006
3.6352e-006
3.8272e-006
3.84e-006
1.30714e-005
3.648e-006
2.11686e-005
3.648e-006
3.6352e-006
2.1929e-005
2.2528e-005
3.6352e-006
3.6736e-006
4.42624e-006
3.61651e-005
3.65824e-006
2.57126e-005
6.45888e-005
3.6864e-006
3.4176e-006
3.4176e-006
3.04102e-005
0.000124731
3.6352e-006
4.3904e-006
3.41581e-005
0.00015393
3.6352e-006
3.648e-006
0.000193523
3.67104e-005
0.000116498
0.000256909
4.14157e-005
3.8528e-006
3.86304e-006
4.02944e-006
3.66848e-006
0.000144622
3.6352e-006
3.712e-006
5.248e-005
9.87904e-005
3.4176e-006
3.6352e-006
3.6352e-006
0.000100856
3.8784e-006
6.02368e-005
3.6352e-006
6.07898e-005
3.6352e-006
4.36224e-006
6.99059e-005
3.4176e-006
3.4176e-006
3.6352e-006
6.89178e-005
3.6352e-006
3.6352e-006
3.648e-006
7.63699e-005
0.000151588
7.65491e-005
3.4176e-006
0.000291894
3.55072e-006
3.7504e-006
8.11136e-005
8.50944e-005
3.7888e-006
3.7376e-006
4.45184e-006
8.77414e-005
3.7632e-006
3.9808e-006
4.6336e-006
0.000141263
3.6352e-006
3.6352e-006
3.6352e-006
9.4953e-005
3.4176e-006
3.6352e-006
9.83526e-005
9.87571e-005
3.6352e-006
0.000479672
0.000100954
0.000102075
3.6352e-006
3.6736e-006
0.00010358
0.000105574
3.4304e-006
3.6352e-006
0.00035532
3.712e-006
3.8784e-006
4.75136e-006
0.000349079
0.00011266
3.4176e-006
3.6352e-006
3.6352e-006
0.000114552
0.000114611
3.6864e-006
0.000237642
0.00011583
0.000117233
0.000118085
3.62496e-006
3.6352e-006
3.6352e-006
4.23168e-006
3.6352e-006
3.65056e-006
3.7632e-006
4.16512e-006
3.52e-006
3.7888e-006
0.000313111
3.8272e-006
3.9296e-006
3.6992e-006
0.000243653
3.6352e-006
0.000443031
3.75808e-006
3.6736e-006
4.7232e-006
0.000398011
0.000142252
3.712e-006
0.000143852
0.000144563
0.000144568
4.7488e-006
0.00014879
3.81696e-006
3.4176e-006
3.4176e-006
0.000275315
0.000277752
3.64288e-006
3.86304e-006
0.000166817
3.6352e-006
0.000500457
3.6352e-006
3.8784e-006
0.000440026
0.000162102
0.00029726
0.000422106
0.000168451
4.032e-006
3.4176e-006
0.000170865
0.000568428
3.6352e-006
3.6352e-006
0.000275827
0.000433574
3.6992e-006
0.000175342
0.000775017
3.6352e-006
3.7248e-006
4.1088e-006
3.712e-006
3.7376e-006
0.00017975
3.6352e-006
3.6352e-006
3.776e-006
0.000185508
0.000190643
6.8352e-006
6.848e-006
0.000606661
3.6352e-006
3.648e-006
3.648e-006
0.000198456
0.000816709
0.000757135
3.6352e-006
3.6608e-006
0.000198385
0.000200929
3.45856e-006
0.000982886
3.6736e-006
3.6864e-006
3.97312e-006
4.1216e-006
0.000223795
0.000203561
0.00020607
3.776e-006
0.00021356
0.000206157
3.6608e-006
4.09088e-006
0.000570253
0.000535926
4.00128e-006
4.352e-006
0.000378217
0.000207424
3.776e-006
3.8016e-006
3.6352e-006
3.6352e-006
0.000907901
3.4176e-006
3.5584e-006
3.6352e-006
3.648e-006
0.000221153
3.648e-006
3.6352e-006
4.032e-006
0.000225567
3.6352e-006
0.000602639
0.000996511
3.6352e-006
0.000373363
0.000260145
3.6352e-006
0.000621706
0.000233344
0.000606897
0.000241091
3.6608e-006
0.00129575
0.000240589
0.00107492
0.000447903
0.000641242
0.000243727
0.000246523
3.6992e-006
0.00153631
3.6352e-006
3.6352e-006
3.6736e-006
3.7504e-006
0.000251848
0.000278013
0.000262771
3.648e-006
0.00025634
0.000256835
0.000852408
3.4176e-006
0.00026412
3.6352e-006
3.69152e-006
0.000266716
3.6352e-006
0.000271854
3.4176e-006
3.6352e-006
3.6608e-006
0.000277089
3.48416e-006
3.6352e-006
3.6352e-006
3.6352e-006
3.6352e-006
3.6864e-006
4.83584e-006
0.00103554
3.648e-006
0.000290673
3.6352e-006
3.648e-006
3.9424e-006
4.15488e-006
3.648e-006
3.9168e-006
3.6352e-006
3.6352e-006
0.000291159
0.000291164
0.000294492
0.00114628
3.648e-006
3.648e-006
3.6608e-006
4.3136e-006
0.000293719
0.000293722
0.00181599
0.000469517
0.000470313
3.4176e-006
3.6352e-006
3.648e-006
0.000610132
0.000303596
3.6352e-006
3.7376e-006
3.7888e-006
3.9296e-006
3.712e-006
4.1984e-006
0.000308777
3.6352e-006
3.6352e-006
3.648e-006
3.6352e-006
3.6352e-006
3.7376e-006
0.000333376
0.00101884
3.6352e-006
0.000496801
3.6352e-006
3.6352e-006
3.6352e-006
0.000321019
0.000342884
0.000342897
0.000471427
3.4176e-006
3.6352e-006
0.000314227
3.648e-006
0.000322381
3.6352e-006
0.000328087
0.0003281
3.6352e-006
3.7376e-006
0.000779599
3.6352e-006
3.8528e-006
0.000326748
3.6352e-006
0.000331699
0.000334828
0.00036331
3.84e-006
3.6352e-006
3.648e-006
0.000530332
3.6352e-006
3.648e-006
0.000341212
0.00037119
0.00110868
0.000371684
3.6352e-006
0.00110352
0.000878661
3.4176e-006
0.000339062
0.000344077
3.4176e-006
3.648e-006
3.7376e-006
3.7632e-006
0.000626847
3.6352e-006
0.000348554
3.4176e-006
3.6352e-006
3.6352e-006
0.000346824
3.6352e-006
3.6608e-006
0.00114563
3.6352e-006
3.8656e-006
3.88352e-006
4.16e-006
3.4176e-006
3.6352e-006
3.9936e-006
0.00217599
0.000381972
0.0015801
3.6352e-006
3.7888e-006
0.000357066
0.00068236
0.000363709
0.000365051
3.98592e-006
0.000744563
0.000871268
0.000691948
3.6608e-006
0.000364252
3.712e-006
4.5824e-006
3.4176e-006
3.6352e-006
3.648e-006
3.6352e-006
3.64288e-006
3.8016e-006
3.6352e-006
0.000393226
3.4688e-006
0.00233929
0.000980989
3.6352e-006
0.0012675
3.7632e-006
0.00255124
3.6864e-006
3.4176e-006
3.71712e-006
3.6352e-006
3.6352e-006
0.0021118
3.8016e-006
4.2624e-006
4.31616e-006
0.000399913
0.000401147
0.000403681
0.000403722
3.648e-006
3.97824e-006
4.1088e-006
0.000408891
0.00105613
0.00114024
0.00137128
0.000652316
0.000408392
0.00100413
0.00197595
3.6352e-006
0.000848008
0.000411067
0.000452841
3.648e-006
3.6352e-006
3.648e-006
3.648e-006
0.00157232
3.7376e-006
0.000429658
0.000429676
3.648e-006
4.09856e-006
0.000431808
0.000433487
3.73248e-006
0.00043019
3.6352e-006
3.6352e-006
3.648e-006
3.6608e-006
0.000802565
4.0832e-006
0.000868152
0.000438659
3.968e-006
4.14464e-006
4.64896e-006
0.000439603
0.000480934
3.65312e-006
3.6864e-006
4.3008e-006
0.000443622
0.0012248
3.66848e-006
3.4304e-006
0.000806817
0.00273454
4.29056e-006
0.000448128
3.6864e-006
4.096e-006
3.648e-006
3.6352e-006
3.6352e-006
0.000458348
0.00244769
3.4816e-006
3.648e-006
3.4176e-006
0.00285341
0.00162735
0.000465559
3.77088e-006
0.00092638
0.000469947
3.6352e-006
0.000473254
3.648e-006
3.97568e-006
0.000475904
0.00123666
0.003142
0.000483
3.648e-006
3.86304e-006
4.14976e-006
0.000890043
3.648e-006
0.00158983
3.6352e-006
0.00161391
3.648e-006
0.00100952
0.000492595
0.000492667
3.648e-006
3.6352e-006
3.6608e-006
3.712e-006
4.34688e-006
3.4304e-006
3.6352e-006
0.000763676
0.000499968
0.00163097
3.6608e-006
3.6352e-006
3.6608e-006
4.57728e-006
0.000501102
0.000505132
3.648e-006
0.000511419
0.000511434
3.648e-006
3.4432e-006
3.6608e-006
4.65664e-006
0.00051734
0.000520008
0.000558369
3.712e-006
0.000521165
3.6352e-006
3.648e-006
4.22656e-006
0.00102873
3.61984e-006
0.000525256
3.648e-006
0.000529818
0.000981665
5.32224e-006
3.4176e-006
3.6608e-006
0.000536509
3.5072e-006
3.6352e-006
3.70688e-006
0.000539085
0.000539105
3.6352e-006
0.000541732
0.00129966
0.000852216
3.6352e-006
3.6352e-006
4.5056e-006
0.000991816
0.00171654
3.648e-006
0.00054464
0.00204514
3.84e-006
3.8528e-006
0.00114458
3.97312e-006
4.99456e-006
0.00101441
0.000549816
0.000553805
3.6352e-006
4.1216e-006
0.000831393
3.4176e-006
3.648e-006
3.648e-006
0.000582295
0.000582372
0.000578949
4.04736e-006
3.6352e-006
3.7504e-006
0.000559191
0.000563028
0.000561848
3.4176e-006
0.000863675
0.000557005
0.000567035
0.000567091
0.000613878
3.4176e-006
3.9808e-006
0.00146902
0.00103927
0.000569359
0.00161937
3.6352e-006
0.000572191
0.000573553
4.8e-006
3.6352e-006
3.648e-006
3.648e-006
0.00106622
3.648e-006
3.6352e-006
3.6352e-006
3.6352e-006
3.78368e-006
0.000580628
0.000580641
0.000582866
3.4176e-006
3.4304e-006
3.6352e-006
0.000587917
3.6992e-006
0.000590218
3.648e-006
3.6992e-006
3.78624e-006
3.6352e-006
3.648e-006
3.9424e-006
3.648e-006
0.00189352
0.00231141
0.00059628
0.000596285
0.000597284
3.74528e-006
4.19328e-006
3.8016e-006
0.00166443
0.000601324
3.63776e-006
3.6352e-006
3.648e-006
0.00235313
3.4176e-006
3.4176e-006
3.648e-006
3.84e-006
0.000605489
3.83232e-006
3.8656e-006
3.9808e-006
4.0448e-006
0.00061246
0.00157554
3.6352e-006
0.00161379
3.4176e-006
3.6352e-006
3.6992e-006
0.000616156
3.6352e-006
3.648e-006
3.6864e-006
0.000620595
0.000661384
0.000647404
3.80672e-006
0.000625239
0.000627855
0.00062786
0.00147064
0.00069857
3.6736e-006
0.00164849
0.00165812
0.00115291
0.000632417
3.6352e-006
0.000635018
0.000636713
4.29312e-006
0.000638067
3.6352e-006
3.9552e-006
0.000707438
3.6352e-006
3.6992e-006
0.000640156
0.0028653
3.648e-006
3.75552e-006
4.10368e-006
3.6352e-006
0.000645512
0.000645571
0.00263266
3.6352e-006
3.6352e-006
0.00168096
3.6352e-006
0.000655214
3.4176e-006
3.6352e-006
3.84e-006
3.64032e-006
3.648e-006
3.6352e-006
0.000659784
0.00409634
3.72736e-006
4.0704e-006
4.3264e-006
0.00232265
0.00107358
0.000664553
0.000664566
0.00107763
3.6352e-006
3.648e-006
3.7248e-006
3.6352e-006
3.648e-006
4.69248e-006
0.00262991
3.6352e-006
3.6352e-006
0.0026587
0.000673815
3.6608e-006
4.33664e-006
0.000706445
0.000749827
0.000674918
0.000674924
3.4176e-006
0.000679268
3.6352e-006
0.0012328
4.45184e-006
0.000702671
0.000678917
3.4176e-006
3.6352e-006
3.904e-006
3.7248e-006
3.6736e-006
4.41856e-006
0.000685793
0.00185831
0.0013539
0.000721521
0.000690276
0.00161347
0.00401665
0.00227601
3.5072e-006
3.648e-006
4.3264e-006
0.00136496
0.000773757
3.6352e-006
3.7888e-006
7.45984e-006
7.75424e-006
0.00069578
0.00221215
3.776e-006
3.9168e-006
0.000696266
3.5968e-006
3.648e-006
3.6352e-006
0.000704566
0.000706913
3.6352e-006
3.6352e-006
0.00129405
0.000705956
0.000707021
0.000707174
3.6352e-006
0.00142834
3.712e-006
0.00132921
3.7248e-006
0.00115854
0.00071265
0.00130814
4.3136e-006
0.000719127
0.00284015
4.00128e-006
0.00133289
0.0013358
0.00142457
0.000724621
3.6352e-006
3.6608e-006
4.35968e-006
3.84e-006
3.90144e-006
0.0013473
0.00143995
3.6352e-006
0.000741576
0.0028921
0.00289807
0.000738675
0.00137642
0.000743352
3.74784e-006
3.7504e-006
4.0192e-006
3.6352e-006
3.648e-006
0.00400206
0.00075017
3.4176e-006
3.6352e-006
0.000759583
0.0019774
3.4176e-006
3.6352e-006
3.8912e-006
0.000759962
3.9168e-006
4.3392e-006
4.544e-006
4.5824e-006
0.000764718
0.000764785
3.6352e-006
4.03968e-006
0.000764221
3.4176e-006
3.6352e-006
3.6352e-006
0.000767388
3.39968e-006
0.0012532
4.36736e-006
3.776e-006
0.00253745
0.000776955
0.00213509
0.00077449
3.4432e-006
3.6352e-006
3.84768e-006
3.648e-006
3.4176e-006
4.1088e-006
3.72736e-006
4.0192e-006
0.000792509
0.00079722
3.68384e-006
4.3776e-006
0.000793344
0.000794148
0.000799122
0.000799148
0.000796739
0.000796754
0.00089399
0.000797844
0.000799375
0.00130154
0.00354646
3.4944e-006
3.6608e-006
3.7248e-006
0.00401788
0.000802565
0.000808348
3.6352e-006
0.000805181
0.00197613
0.00361556
0.0021017
3.648e-006
0.00150506
3.6352e-006
3.69664e-006
0.000809682
0.000816097
3.5968e-006
4.2112e-006
3.712e-006
4.10368e-006
4.2112e-006
3.776e-006
3.6352e-006
0.000823148
0.0015204
0.00153176
0.00082196
0.000822674
4.15232e-006
0.00173223
3.7632e-006
0.00215719
0.00322343
3.4432e-006
3.648e-006
3.8016e-006
3.84768e-006
0.000829681
0.000834806
0.00372334
0.000834865
0.000839956
0.000839987
3.6352e-006
3.6608e-006
4.0704e-006
4.29568e-006
0.00260254
0.000842557
3.4176e-006
3.776e-006
0.00238476
0.000940342
3.6352e-006
4.03968e-006
0.00084471
0.000842307
3.6352e-006
3.6352e-006
3.6608e-006
3.7632e-006
3.8912e-006
0.000847027
0.00197798
3.648e-006
0.000845215
0.00084522
0.000849754
3.4432e-006
3.6608e-006
3.712e-006
3.96032e-006
0.00156595
0.000852163
0.000854413
0.000855721
0.000856714
0.00331603
0.000855168
3.6352e-006
3.64288e-006
3.6864e-006
0.000885299
3.6352e-006
3.6352e-006
4.59264e-006
0.00160259
0.000964524
3.6352e-006
0.00429712
0.00299336
3.6352e-006
3.6352e-006
3.6864e-006
0.000867215
0.000867466
3.4304e-006
0.000872371
0.000872387
0.000874614
3.6352e-006
4.0192e-006
5.06112e-006
0.000874519
0.00210546
3.72992e-006
3.7632e-006
0.000877094
3.6864e-006
0.00249504
3.6864e-006
3.6992e-006
3.84e-006
3.6352e-006
0.000991823
3.4176e-006
3.6352e-006
3.6352e-006
3.776e-006
0.00088673
0.000887483
0.000890066
0.00089194
3.65312e-006
3.6736e-006
0.00280872
3.6352e-006
0.000896422
3.6352e-006
3.6352e-006
0.000899067
3.6352e-006
3.648e-006
3.9808e-006
3.59168e-006
3.6352e-006
0.000904845
3.81184e-006
3.6352e-006
4.06784e-006
3.6352e-006
4.0448e-006
4.53632e-006
0.000907689
0.000909688
0.00091476
3.6352e-006
3.6992e-006
0.000912927
0.00304296
0.000914396
3.6608e-006
4.6208e-006
0.00252572
3.6352e-006
0.000918103
0.000918108
3.5328e-006
3.6608e-006
3.74784e-006
3.9168e-006
0.000920947
3.4176e-006
3.6608e-006
0.000925891
0.000926001
0.00103625
0.0010364
3.6864e-006
3.6352e-006
3.6352e-006
0.0018119
3.6992e-006
4.6592e-006
0.00152321
3.6736e-006
3.648e-006
3.6608e-006
3.6352e-006
3.9424e-006
0.00367734
3.6352e-006
3.6992e-006
0.000947574
3.648e-006
0.00095359
3.76576e-006
0.00374914
0.00476676
0.000958392
4.0832e-006
0.00316376
0.0026224
3.6352e-006
3.6608e-006
4.224e-006
3.7504e-006
3.9296e-006
0.00306016
0.000965658
3.6352e-006
3.6352e-006
3.6352e-006
0.000970819
0.000970931
0.000970947
3.63776e-006
0.000973414
0.00254084
0.00254086
3.7632e-006
0.000974446
3.4176e-006
0.00437858
3.648e-006
0.000981153
3.648e-006
3.6608e-006
0.000983805
3.648e-006
3.6864e-006
0.000984276
3.6352e-006
4.06528e-006
0.00348939
3.7504e-006
0.000989117
3.648e-006
3.7248e-006
4.22912e-006
0.000989563
3.968e-006
3.9296e-006
4.53888e-006
0.00442969
0.000994138
0.000994138
3.6352e-006
3.648e-006
3.80928e-006
3.7248e-006
0.00353077
0.00236759
0.00100078
3.456e-006
0.001004
3.6352e-006
3.6352e-006
3.8144e-006
3.9168e-006
0.00100552
0.00100654
3.5072e-006
3.9168e-006
3.8272e-006
3.84e-006
3.6352e-006
3.6352e-006
0.00628721
0.00104866
4.3776e-006
0.00505903
3.6352e-006
0.00101831
0.00101831
3.648e-006
3.6352e-006
3.712e-006
3.91936e-006
4.09088e-006
0.00401428
3.6352e-006
4.37504e-006
0.00288185
0.00102725
3.6352e-006
0.00102768
3.7376e-006
0.00102839
0.00338886
3.648e-006
3.93472e-006
3.93728e-006
0.00215558
0.00403196
0.00422243
3.648e-006
3.6864e-006
7.03232e-006
7.04512e-006
3.6352e-006
0.00472252
0.00370707
3.4176e-006
3.6352e-006
0.00104336
3.648e-006
0.0020691
0.00104595
0.00205004
4.22656e-006
4.5568e-006
4.288e-006
0.00366238
3.6352e-006
0.00169433
3.74528e-006
0.0010547
0.00105597
0.00105744
3.6352e-006
3.648e-006
