3.6352e-006
3.7504e-006
3.968e-006
4.3776e-006
5.1328e-006
6.21056e-006
1.03398e-005
4.0704e-006
4.224e-006
8.80811e-006
3.6864e-006
3.7504e-006
3.86901e-006
3.4176e-006
3.6352e-006
3.904e-006
3.9296e-006
1.30714e-005
4.12433e-005
3.81525e-006
3.648e-006
1.81487e-005
3.6352e-006
3.6352e-006
3.65398e-006
3.78198e-006
2.24273e-005
2.24401e-005
3.6352e-006
3.62513e-005
2.57545e-005
3.79563e-006
3.4176e-006
3.5456e-006
3.11262e-005
4.47488e-006
4.80768e-006
4.1088e-006
0.000140653
4.8896e-006
3.69195e-005
6.45692e-005
8.25515e-005
3.4176e-006
3.6992e-006
3.7376e-006
4.24064e-005
0.000180134
3.6352e-006
0.000215612
3.6352e-006
3.6352e-006
0.000227095
5.24612e-005
3.6736e-006
3.9279e-006
3.94582e-006
6.25963e-005
4.01153e-006
3.6352e-006
3.7504e-006
6.02129e-005
3.648e-006
6.07522e-005
0.000280657
3.4176e-006
3.4304e-006
3.6736e-006
6.47475e-005
0.000228548
6.70174e-005
0.000167398
3.648e-006
3.6736e-006
3.8656e-006
3.4176e-006
3.4176e-006
3.6736e-006
7.66882e-005
3.6352e-006
3.72652e-006
4.3998e-006
8.5149e-005
3.8528e-006
4.1088e-006
4.31191e-006
8.68506e-005
8.77031e-005
3.7248e-006
3.7504e-006
4.0576e-006
3.5328e-006
3.8016e-006
0.000229613
4.15916e-006
3.6352e-006
4.2496e-006
3.4176e-006
9.94697e-005
4.56194e-006
0.000100325
3.6352e-006
3.6352e-006
3.75724e-006
0.000100928
0.000101824
0.000113339
0.000103556
0.000104309
0.000377427
0.000105566
3.4176e-006
3.99276e-006
5.0398e-006
3.64631e-006
0.000275112
0.000112675
3.4176e-006
3.4176e-006
3.6352e-006
3.9296e-006
0.000115216
0.00011527
3.4304e-006
3.4432e-006
3.6096e-006
3.9424e-006
0.00011583
0.000117893
3.4176e-006
0.000118706
3.648e-006
3.6992e-006
3.6736e-006
3.67021e-006
0.00055981
3.95778e-006
4.67629e-006
4.2624e-006
4.6976e-006
4.29058e-006
3.9936e-006
0.000349727
0.000162171
0.00016406
3.9296e-006
0.000143543
3.38349e-006
3.4176e-006
0.000144678
3.648e-006
3.7376e-006
0.000148804
3.6352e-006
0.000362879
0.000237548
3.6352e-006
3.6608e-006
0.000481641
0.000377213
0.000254511
0.000327124
3.93987e-006
0.00016164
3.4176e-006
3.6352e-006
4.56024e-006
3.84e-006
0.000423465
3.6608e-006
3.712e-006
3.7632e-006
0.000307658
0.000191204
3.6352e-006
3.6992e-006
0.00017083
0.000176055
3.6352e-006
3.6352e-006
3.6864e-006
0.000780209
0.000377915
0.000180437
6.8352e-006
6.848e-006
4.0892e-006
4.3648e-006
4.48088e-006
0.000307667
0.000581407
4.18734e-006
4.30766e-006
3.5072e-006
0.000647383
3.8016e-006
3.84259e-006
4.56451e-006
5.20963e-006
0.00022057
0.000221517
3.6352e-006
3.7632e-006
3.79224e-006
0.000198421
0.000491599
0.000232547
3.6352e-006
3.84e-006
0.000198348
3.6352e-006
0.000200329
3.7248e-006
0.000227097
0.00020351
0.000206124
3.94499e-006
0.000206171
3.97486e-006
0.000369936
3.4176e-006
3.456e-006
3.6352e-006
4.1216e-006
0.000594098
3.8272e-006
3.9168e-006
3.98169e-006
0.000249385
0.000395733
3.88441e-006
0.000400435
0.000224158
3.9296e-006
0.000250683
0.000410802
3.6608e-006
0.000620031
3.7248e-006
0.000266115
0.000929089
0.000234268
4.09604e-006
0.00114502
3.6352e-006
3.6352e-006
3.6608e-006
5.0176e-006
0.000244075
3.7632e-006
0.000245973
0.000246523
3.584e-006
3.6352e-006
3.6352e-006
0.000251851
0.000282761
3.6608e-006
0.000865786
0.000257008
3.6352e-006
4.01924e-006
4.81711e-006
0.000478093
3.648e-006
4.11482e-006
0.000264736
0.000294647
3.6608e-006
3.776e-006
3.8656e-006
3.9168e-006
4.224e-006
0.00107008
0.000298903
0.000271894
3.648e-006
3.4816e-006
3.6352e-006
3.6992e-006
3.6992e-006
0.00137544
0.000276625
3.648e-006
3.6992e-006
0.00027711
0.00050331
0.000503609
3.6352e-006
3.99876e-006
3.6352e-006
3.648e-006
3.66255e-006
4.15407e-006
3.4176e-006
3.8912e-006
4.5312e-006
3.6352e-006
3.6864e-006
3.90404e-006
4.03205e-006
3.60879e-006
3.78031e-006
0.00029134
3.6992e-006
4.93146e-006
5.21306e-006
0.000798944
0.00127859
3.6352e-006
3.6352e-006
3.6992e-006
0.000295136
0.000295942
4.0448e-006
0.000303544
3.7888e-006
3.8784e-006
4.3008e-006
3.6608e-006
3.6608e-006
0.000727272
3.85029e-006
0.000308742
3.968e-006
0.000305846
3.6352e-006
4.3145e-006
4.7104e-006
0.000961788
0.000558859
3.4688e-006
0.000312573
0.000312684
0.000312696
3.776e-006
0.00116598
0.00138179
3.63781e-006
0.000321648
3.6352e-006
3.648e-006
0.000318332
3.6736e-006
3.6873e-006
0.000322381
3.8656e-006
0.000329407
0.00032942
3.6608e-006
3.4176e-006
3.648e-006
3.6992e-006
3.9424e-006
0.0003263
3.6352e-006
0.000329771
3.4304e-006
3.648e-006
3.72912e-006
0.000331701
0.000336565
3.6352e-006
3.648e-006
3.6352e-006
3.648e-006
3.68645e-006
4.71557e-006
0.000334538
0.000334661
0.000568335
0.000568578
3.6352e-006
3.84688e-006
3.99536e-006
0.000343206
3.8272e-006
3.9168e-006
0.000629647
0.00034409
0.00150092
4.1344e-006
4.1856e-006
0.000349231
3.81616e-006
3.88272e-006
3.4304e-006
3.6864e-006
4.02011e-006
0.000887131
3.6352e-006
3.6736e-006
4.35462e-006
4.5312e-006
0.00128491
0.00128593
0.00141911
3.4304e-006
0.000360239
0.00043231
0.000364332
0.000366375
0.000658405
4.20443e-006
3.6992e-006
3.6352e-006
3.4176e-006
3.6352e-006
0.000445818
0.000680997
0.00080838
3.6352e-006
4.0704e-006
4.89051e-006
3.648e-006
4.59526e-006
0.000451133
0.000380139
3.904e-006
3.90491e-006
0.000627242
3.6352e-006
0.00039121
0.00066485
3.648e-006
3.6608e-006
3.648e-006
3.6864e-006
0.000400608
3.8144e-006
0.000403694
0.000403722
3.6864e-006
3.6352e-006
3.648e-006
0.0016022
4.2087e-006
3.648e-006
3.69756e-006
3.7248e-006
3.92284e-006
4.31964e-006
0.000463361
3.6352e-006
3.6352e-006
3.7376e-006
3.6608e-006
3.95441e-006
4.30257e-006
3.4432e-006
0.000471782
3.4688e-006
0.00139517
3.648e-006
0.00154131
0.00042675
3.6992e-006
4.14215e-006
3.648e-006
0.000433462
3.776e-006
4.0064e-006
0.000868325
3.66855e-006
4.02439e-006
0.000438634
0.0009163
0.000440264
0.000500192
3.4432e-006
0.000443563
0.000498993
0.00049836
3.648e-006
3.6352e-006
3.7504e-006
4.3136e-006
0.000544175
0.00114008
0.000458349
0.00229062
0.000520706
3.4176e-006
3.6352e-006
3.71207e-006
3.648e-006
0.00187342
3.9808e-006
3.65063e-006
0.000849214
0.00144503
3.648e-006
0.000469949
0.000804328
3.6352e-006
3.64039e-006
4.0832e-006
4.15496e-006
0.000473957
3.90066e-006
4.48178e-006
0.000527292
0.00047657
3.776e-006
0.00191808
3.6352e-006
3.6352e-006
3.712e-006
0.00149037
0.000480326
3.648e-006
0.00143947
0.00175584
0.00244171
0.00160525
3.8016e-006
3.6532e-006
3.6608e-006
3.85032e-006
0.000492559
0.000551119
3.648e-006
3.68051e-006
3.7504e-006
4.5056e-006
0.000501257
4.10717e-006
0.000911584
0.000565503
0.000505224
0.000505805
3.6992e-006
3.6352e-006
3.45608e-006
3.6864e-006
3.4304e-006
3.6352e-006
4.1472e-006
0.00242462
3.6352e-006
0.000514864
3.6352e-006
0.000519363
3.8784e-006
4.31539e-006
0.000521974
0.00160076
3.6352e-006
0.0018773
0.000581679
3.63784e-006
0.000522879
4.42376e-006
3.65491e-006
3.6736e-006
3.6352e-006
3.6352e-006
0.00058513
3.82984e-006
3.89384e-006
4.0064e-006
3.6736e-006
3.63784e-006
3.6864e-006
3.4176e-006
0.000540376
0.000540768
0.00134816
0.000969113
3.45353e-006
3.6608e-006
0.000542925
3.7504e-006
3.9424e-006
0.000654092
3.648e-006
3.6608e-006
4.10035e-006
0.0011927
0.00093414
4.2019e-006
0.000642674
0.000657731
3.6608e-006
3.6608e-006
3.74281e-006
4.07561e-006
0.00133661
3.4176e-006
0.00225587
3.6096e-006
3.67369e-006
3.6608e-006
0.000563374
3.648e-006
3.6992e-006
3.9168e-006
0.000564926
3.6352e-006
3.648e-006
4.60041e-006
4.1106e-006
0.000677225
0.00142939
0.000654841
3.6736e-006
4.3648e-006
0.000572012
4.3008e-006
0.000679558
4.736e-006
0.00171605
0.00057682
3.6992e-006
3.776e-006
3.4176e-006
3.648e-006
3.712e-006
4.32137e-006
4.0466e-006
3.6736e-006
3.8912e-006
4.01759e-006
0.000583937
0.00214541
3.8912e-006
0.00067315
0.000673847
3.5072e-006
3.6352e-006
3.6352e-006
3.648e-006
3.88447e-006
0.000589907
3.8528e-006
0.000593198
0.00175462
4.81204e-006
0.000692678
0.000601152
0.00120192
3.6608e-006
0.000696581
0.00060194
0.00325588
0.0011054
0.0015335
4.36148e-006
4.57311e-006
3.6992e-006
5.0944e-006
0.000610093
3.6352e-006
3.6352e-006
3.4816e-006
3.6352e-006
3.7248e-006
0.000613778
0.00291037
3.8657e-006
4.37428e-006
0.000618108
3.88703e-006
0.000619383
0.000619416
0.00228631
0.00127241
3.6352e-006
0.000742782
0.000742822
0.000621097
0.000624099
3.776e-006
3.776e-006
3.7888e-006
3.648e-006
3.9169e-006
0.00151078
3.6352e-006
3.648e-006
4.096e-006
4.39391e-006
0.00157242
0.000634451
3.8656e-006
4.544e-006
4.80693e-006
3.4176e-006
3.6992e-006
3.7632e-006
3.6352e-006
3.6352e-006
0.00064155
3.75989e-006
3.92373e-006
3.4176e-006
3.8016e-006
3.9168e-006
3.8272e-006
3.904e-006
4.4928e-006
0.00064882
0.000648848
0.00118786
0.00119034
3.9936e-006
3.648e-006
3.8656e-006
0.000652797
3.4176e-006
3.7504e-006
4.00651e-006
0.000659553
0.00203857
0.00142882
3.6864e-006
4.3776e-006
6.4768e-006
6.6944e-006
0.000663719
4.0064e-006
0.00165635
4.62091e-006
0.000664371
0.00244862
0.000796608
0.000796762
3.5072e-006
3.6864e-006
3.8272e-006
0.00156404
3.6352e-006
3.73344e-006
0.00067449
3.67115e-006
0.000677264
0.000677643
3.6352e-006
0.000679171
3.85632e-006
0.000761599
0.000681868
3.6352e-006
0.000787729
0.000787908
0.00244581
0.000685468
0.000685793
3.5072e-006
0.00247535
0.000690965
0.00138998
3.90752e-006
3.712e-006
3.8528e-006
3.6864e-006
0.00187883
0.000697148
3.6848e-006
3.6992e-006
0.000708918
0.000709304
0.00286785
0.00286191
0.000707906
0.000709823
3.6352e-006
3.712e-006
3.7248e-006
3.6864e-006
3.9424e-006
0.0022617
3.8912e-006
0.000717451
3.904e-006
0.00200351
0.00157309
3.648e-006
3.8272e-006
4.224e-006
3.6352e-006
3.648e-006
3.78038e-006
3.86998e-006
3.6352e-006
3.648e-006
0.0023003
0.00130717
3.4304e-006
4.1088e-006
0.000731087
3.6352e-006
3.4176e-006
0.00083645
3.648e-006
0.0013536
0.00135485
3.67287e-006
0.000739052
0.000742201
0.000742885
3.4304e-006
3.648e-006
3.73516e-006
3.79063e-006
0.000745878
0.00354551
0.00136844
3.4176e-006
0.000746825
3.6864e-006
3.6992e-006
4.16e-006
0.00090513
0.0023675
0.000753519
0.00333581
0.00444938
3.6352e-006
3.6352e-006
0.000839785
0.00235732
0.000762224
0.000767383
0.000767437
0.000767759
3.6352e-006
3.712e-006
3.94508e-006
3.78039e-006
0.00192978
4.8768e-006
0.00240431
3.648e-006
4.32908e-006
0.00264282
3.6352e-006
3.69591e-006
0.00077788
3.7504e-006
4.1149e-006
4.1533e-006
3.67885e-006
0.00267145
0.000777799
0.00157331
3.6352e-006
3.4304e-006
0.00140362
3.94935e-006
0.00190494
3.648e-006
3.6608e-006
0.000794482
3.712e-006
3.776e-006
0.000798548
3.6608e-006
0.000795616
3.7504e-006
3.8016e-006
3.8144e-006
0.000800444
0.00080049
3.7632e-006
0.00173804
4.11832e-006
0.000802642
3.904e-006
4.37602e-006
0.00080538
3.6352e-006
3.648e-006
3.7632e-006
3.776e-006
4.35981e-006
4.12088e-006
3.6992e-006
3.7504e-006
3.8784e-006
4.0064e-006
0.000810291
0.000913847
0.000812323
0.000811663
0.000818079
3.6352e-006
4.11661e-006
4.67469e-006
0.00149792
3.6608e-006
3.7888e-006
3.8272e-006
0.00178275
0.00149668
0.00082518
0.00256812
3.69336e-006
3.6608e-006
3.96131e-006
4.36835e-006
3.48856e-006
0.000995998
3.7888e-006
4.0704e-006
4.81123e-006
0.00153456
3.53805e-006
0.000836578
3.84e-006
0.000837418
3.64472e-006
3.6352e-006
3.648e-006
3.70275e-006
0.000841976
0.000841983
3.84e-006
0.000844599
0.00261621
0.000846024
3.5328e-006
3.6352e-006
3.8784e-006
4.288e-006
0.00154938
0.000846496
0.000851052
0.000851083
3.6864e-006
4.3136e-006
0.000852849
0.00096922
3.6608e-006
0.000855741
0.00102081
3.9936e-006
4.3008e-006
0.00085734
0.000857355
0.000858372
3.6736e-006
3.8144e-006
3.84611e-006
3.37934e-006
3.6608e-006
3.6352e-006
0.00255707
0.000992114
3.6608e-006
3.7632e-006
0.0021941
3.4432e-006
3.6352e-006
3.6352e-006
0.000986111
3.6992e-006
4.1856e-006
0.000940188
0.000873765
3.6352e-006
3.8016e-006
0.000875479
3.6992e-006
0.00375192
0.000877401
3.6096e-006
0.000877946
0.00149651
3.648e-006
3.6992e-006
3.78894e-006
3.4304e-006
4.35812e-006
0.00101477
0.00222921
4.0603e-006
3.6864e-006
3.712e-006
0.00303334
0.00304015
0.000893502
3.6736e-006
4.31716e-006
0.000898944
3.8528e-006
0.00101535
3.6352e-006
3.648e-006
0.000899216
3.6352e-006
3.84612e-006
3.81454e-006
0.0009056
0.000905677
4.81806e-006
0.00307993
3.84e-006
0.000908527
4.5056e-006
0.00282279
0.00219222
0.00231847
0.000913041
0.000914718
0.00166787
4.36836e-006
0.000917377
3.648e-006
4.032e-006
4.352e-006
3.6352e-006
3.712e-006
0.000919335
0.000919347
0.000919498
3.6352e-006
3.6352e-006
3.7504e-006
0.000923628
0.00234472
0.00110717
3.8272e-006
3.9168e-006
0.000927215
0.000929516
3.456e-006
0.00234599
3.6736e-006
0.000934221
3.6352e-006
3.8016e-006
0.00188699
3.6608e-006
3.70618e-006
3.648e-006
4.5184e-006
0.0022066
0.00296143
3.968e-006
0.00148145
0.00172766
3.6352e-006
3.712e-006
3.90586e-006
3.712e-006
3.648e-006
4.48e-006
0.00109057
3.6864e-006
4.00058e-006
4.04154e-006
0.00101458
0.00388537
4.32485e-006
0.00175621
0.000952495
3.54234e-006
0.00283391
0.000955604
0.00316994
3.6352e-006
3.7888e-006
4.33509e-006
4.78821e-006
0.000959067
3.4816e-006
3.712e-006
3.6864e-006
4.38714e-006
3.6352e-006
4.1216e-006
3.6608e-006
4.1984e-006
0.000969316
0.00165289
0.00147876
3.648e-006
0.00179361
0.000971483
0.00301972
3.712e-006
3.89562e-006
4.15162e-006
3.64645e-006
0.000974075
3.67632e-006
4.44176e-006
0.00290352
3.6352e-006
3.9936e-006
3.67973e-006
3.77445e-006
0.000983987
0.000984307
0.00246105
3.74032e-006
0.00304853
4.05178e-006
4.0576e-006
0.000986308
6.8352e-006
6.848e-006
3.6352e-006
0.000991739
3.57051e-006
3.81627e-006
0.0057315
3.648e-006
0.00119197
0.00193228
0.000996124
0.000996124
3.85723e-006
3.91099e-006
4.64229e-006
4.55952e-006
0.00171583
0.00100608
3.6992e-006
0.00100595
0.00364318
0.00172122
4.15504e-006
0.00100828
0.00317041
4.3223e-006
0.00513099
0.00117206
3.6352e-006
4.39398e-006
4.8087e-006
0.00316222
0.00319391
0.00118199
0.00101963
0.00101965
0.00115206
3.6352e-006
3.77446e-006
0.00189015
0.00318446
4.65936e-006
3.648e-006
3.648e-006
3.6608e-006
3.6992e-006
0.00102903
0.00103241
3.6608e-006
4.0448e-006
0.0019045
0.00461544
3.7248e-006
3.4688e-006
3.4816e-006
4.38289e-006
3.648e-006
0.00125129
3.6352e-006
3.648e-006
3.6352e-006
0.00191544
0.0022604
4.35387e-006
0.00104601
4.94182e-006
4.15761e-006
3.4816e-006
3.6608e-006
3.75996e-006
4.12348e-006
4.13372e-006
0.00326852
4.352e-006
3.5584e-006
3.712e-006
5.0304e-006
0.00105867
0.00503329
0.00106054
0.00106188
0.00127076
3.63878e-006
3.7248e-006
0.0038477
3.51249e-006
3.6864e-006
4.1728e-006
3.76508e-006
0.00385878
0.00106589
3.9511e-006
0.00295436
3.8016e-006
3.81969e-006
4.0704e-006
3.712e-006
0.0010739
0.00195113
3.88711e-006
3.84e-006
4.096e-006
0.00259428
3.68231e-006
3.77447e-006
0.00122085
0.00108102
0.00108104
0.00108344
3.70364e-006
3.7632e-006
3.4176e-006
3.5072e-006
3.6352e-006
4.01255e-006
4.1856e-006
0.0010875
0.00122464
3.6352e-006
0.00453064
0.0012282
0.00201346
0.00109511
3.7632e-006
3.8784e-006
4.5126e-006
3.6992e-006
4.78738e-006
3.6352e-006
0.00110593
3.98439e-006
4.40679e-006
0.00110599
3.6352e-006
0.00455717
4.0576e-006
3.4176e-006
3.6352e-006
3.99719e-006
0.00111182
0.00111281
0.00454141
0.00287634
0.00190562
3.904e-006
4.44007e-006
3.87602e-006
4.0704e-006
0.00192594
0.00112255
3.648e-006
3.70024e-006
3.7248e-006
4.3904e-006
6.9376e-006
6.9504e-006
0.00113063
0.00113067
0.00113279
3.648e-006
0.00504102
0.00113637
3.648e-006
3.6736e-006
0.00127262
3.6352e-006
4.41106e-006
0.00127784
3.6864e-006
0.00114031
0.0011414
3.648e-006
3.648e-006
0.00114293
0.00114346
3.4176e-006
3.6352e-006
3.6352e-006
3.648e-006
3.6608e-006
3.7632e-006
4.26002e-006
0.00114554
0.00389121
0.00318162
3.6992e-006
0.0041465
0.00195363
3.71901e-006
0.00358128
4.2368e-006
4.352e-006
4.56296e-006
0.00115449
0.00115453
3.5456e-006
3.648e-006
3.968e-006
0.0011583
0.00115871
0.00115991
4.1728e-006
4.38973e-006
4.08424e-006
4.416e-006
4.0192e-006
3.59528e-006
3.6388e-006
3.75912e-006
4.06888e-006
0.00695867
3.6992e-006
3.8528e-006
0.00235739
3.6352e-006
5.02888e-006
4.15507e-006
5.11251e-006
0.00118017
0.00434401
0.00430469
4.1088e-006
0.00374629
0.00132069
3.4176e-006
3.5584e-006
3.8272e-006
0.00118207
0.00118799
3.65758e-006
0.00133787
0.00119059
0.00119248
0.00286199
0.00406745
3.6864e-006
0.00119264
4.1856e-006
4.69694e-006
3.4176e-006
3.8528e-006
4.76521e-006
0.00138094
0.00570233
0.00119987
3.74462e-006
3.6352e-006
3.75657e-006
4.70121e-006
3.7248e-006
4.10131e-006
0.0012089
0.00120763
0.00134938
3.66953e-006
3.7376e-006
3.8144e-006
0.00135233
3.4176e-006
3.9552e-006
3.648e-006
3.54409e-006
3.6352e-006
3.72329e-006
3.84617e-006
3.6992e-006
5.83956e-006
0.00122133
0.00136179
0.00244653
3.6352e-006
3.80009e-006
0.00481282
3.712e-006
3.9168e-006
0.00145743
0.00122585
0.00245587
3.648e-006
3.712e-006
3.9936e-006
3.7376e-006
3.776e-006
4.03817e-006
0.00511957
0.00123006
3.7504e-006
0.00224546
0.00445199
4.3264e-006
0.00224963
3.4176e-006
3.6352e-006
4.46996e-006
0.0012367
0.00147375
3.6352e-006
0.00315489
0.00505516
3.98185e-006
0.00387715
3.6992e-006
0.00211745
0.00425468
0.0014053
3.776e-006
4.16e-006
0.00125138
0.00125138
3.68489e-006
3.8272e-006
3.6608e-006
0.00392531
0.00125605
0.00125608
0.00125855
3.776e-006
3.8144e-006
4.3392e-006
4.46143e-006
0.0039872
3.51338e-006
3.6352e-006
0.00456563
3.6352e-006
3.8912e-006
0.00459397
0.00142112
3.6608e-006
3.66954e-006
3.79242e-006
3.93066e-006
0.00126737
4.0322e-006
3.4176e-006
3.6352e-006
0.00467473
0.00126923
0.00127291
3.6352e-006
3.84e-006
0.00146843
0.00564387
0.00396849
0.00126876
3.6352e-006
0.00532816
3.6992e-006
3.81802e-006
0.001277
0.00128045
0.00128046
4.06037e-006
0.0012827
0.00128375
0.00218943
3.4176e-006
3.9808e-006
0.00128409
3.87861e-006
3.9936e-006
3.91103e-006
3.6352e-006
0.003977
3.9552e-006
0.00356856
0.00128932
0.00398009
0.0035711
0.00129308
0.00144889
3.62517e-006
3.776e-006
3.7376e-006
0.0044146
3.648e-006
3.81461e-006
4.32917e-006
3.6608e-006
0.00326728
0.0028208
0.00221397
3.6352e-006
3.776e-006
3.99125e-006
0.00130792
0.00130794
3.6352e-006
0.0013103
3.84e-006
0.00533096
3.67979e-006
3.8272e-006
0.00148148
3.6352e-006
0.00548487
0.00148462
3.6352e-006
3.6608e-006
3.9168e-006
3.6352e-006
3.6352e-006
3.6992e-006
3.6352e-006
3.648e-006
3.6864e-006
3.75915e-006
3.4816e-006
3.6736e-006
3.8144e-006
4.33088e-006
0.00133388
0.00133389
0.00133417
0.0015832
3.71051e-006
4.77291e-006
4.00917e-006
4.0704e-006
6.65024e-006
6.86784e-006
3.4432e-006
3.73611e-006
0.00483773
3.7504e-006
4.1807e-006
3.712e-006
3.8144e-006
3.6608e-006
0.00449011
0.00135174
0.00347887
3.7248e-006
4.66283e-006
3.6608e-006
3.8528e-006
3.8912e-006
0.00346339
0.0042301
0.00135475
3.4816e-006
0.001532
3.49974e-006
0.00136414
3.6736e-006
4.12353e-006
0.00136674
3.712e-006
0.00136638
0.00136999
0.0029538
3.4176e-006
3.6352e-006
3.4816e-006
0.00137506
3.6992e-006
3.648e-006
0.00138028
3.89569e-006
3.968e-006
3.4176e-006
0.00138271
3.9424e-006
0.00352483
0.00138531
3.648e-006
3.92556e-006
0.00340796
3.6736e-006
4.15937e-006
3.8272e-006
3.8144e-006
3.648e-006
3.9552e-006
0.00708015
3.6608e-006
3.6608e-006
3.8784e-006
4.1344e-006
0.00669523
3.4176e-006
3.6352e-006
3.8016e-006
4.0704e-006
4.224e-006
0.00223628
0.00140548
3.4944e-006
3.6352e-006
3.6352e-006
3.648e-006
3.85047e-006
3.6864e-006
4.09196e-006
0.00141327
3.7248e-006
3.69602e-006
0.00438941
0.0063004
0.00141859
0.00142034
3.4176e-006
3.648e-006
3.776e-006
0.00142408
0.00340383
3.8784e-006
0.00307791
0.00359405
3.648e-006
3.968e-006
0.00263627
3.8656e-006
3.6992e-006
3.6608e-006
4.032e-006
3.9168e-006
0.00361351
0.00143665
3.7632e-006
3.84e-006
3.6608e-006
3.69175e-006
0.00143786
0.00144364
0.0014447
3.6352e-006
0.00161883
3.7248e-006
0.00525351
4.09623e-006
3.4816e-006
3.72418e-006
0.00161129
0.0016865
0.00145516
0.00146126
3.6864e-006
5.00418e-006
3.6352e-006
0.00164156
3.8812e-006
3.4432e-006
3.7888e-006
3.85218e-006
4.52034e-006
3.6864e-006
3.6992e-006
4.28397e-006
0.00146584
0.00164366
0.00147532
0.00146919
3.648e-006
0.00147177
0.00161798
3.6608e-006
3.80952e-006
0.00147613
4.36674e-006
0.00504675
0.00148457
0.00148492
0.00457642
0.00536635
3.4176e-006
3.79587e-006
4.02115e-006
3.6992e-006
0.0027511
3.648e-006
3.7248e-006
3.648e-006
0.00168488
4.28141e-006
3.6736e-006
3.6864e-006
4.10904e-006
0.00149967
3.6352e-006
3.8144e-006
0.00467926
3.4176e-006
3.648e-006
3.9563e-006
4.09197e-006
3.7888e-006
3.8272e-006
0.00150028
3.83683e-006
3.81806e-006
0.00388419
0.00688217
0.00477958
3.6352e-006
4.7488e-006
3.6352e-006
5.03491e-006
0.00150925
3.6992e-006
3.8016e-006
3.92558e-006
4.3904e-006
3.6992e-006
3.712e-006
3.86072e-006
4.096e-006
